NASADEM_31.22_103.55_31.35_103.71000000000001.asc
ncols        576
nrows        468
xllcorner    103.549861111149
yllcorner    31.220138888885
cellsize     0.000277777778
NODATA_value -32768
[rows 0 to 37 of 468, columns 420 to 503 of 576]
3770 3794 3817 3840 3837 3837 3835 3835 3836 3830 3828 3811 3796 3783 3769 3767 3763 3748 3755 3749 3781 3788 3796 3802 3807 3824 3834 3852 3847 3849 3847 3836 3834 3835 3836 3847 3848 3856 3851 3842 3836 3793 3749 3740 3729 3719 3706 3680 3657 3638 3623 3611 3597 3590 3581 3573 3560 3540 3522 3510 3492 3447 3405 3422 3387 3335 3303 3283 3255 3191 3161 3137 3117 3122 3140 3137 3145 3158 3171 3203 3231 3240 3241 3244
3752 3773 3798 3819 3818 3811 3805 3802 3799 3790 3787 3778 3766 3745 3733 3733 3728 3711 3713 3741 3743 3747 3756 3779 3794 3802 3807 3816 3834 3833 3836 3836 3838 3848 3852 3854 3862 3867 3852 3838 3833 3784 3751 3727 3707 3695 3677 3666 3644 3618 3612 3604 3588 3578 3566 3552 3543 3522 3510 3498 3461 3373 3389 3394 3374 3340 3313 3262 3253 3250 3186 3148 3111 3098 3110 3122 3128 3135 3148 3168 3185 3194 3203 3220
3729 3747 3764 3769 3765 3766 3764 3758 3768 3753 3755 3746 3735 3717 3714 3703 3700 3704 3716 3718 3723 3729 3746 3757 3764 3774 3790 3799 3814 3825 3834 3836 3843 3861 3869 3871 3875 3869 3857 3829 3810 3784 3726 3719 3694 3674 3659 3649 3630 3609 3601 3589 3573 3557 3545 3533 3523 3501 3493 3479 3442 3423 3401 3400 3371 3359 3321 3279 3261 3259 3204 3161 3114 3087 3081 3087 3101 3124 3144 3151 3158 3173 3197 3230
3707 3722 3730 3743 3736 3747 3746 3745 3751 3740 3724 3720 3709 3701 3696 3692 3684 3690 3704 3700 3707 3719 3730 3744 3759 3761 3780 3787 3799 3827 3832 3846 3861 3877 3873 3874 3876 3869 3829 3812 3780 3750 3718 3705 3678 3658 3644 3633 3617 3597 3585 3572 3552 3540 3528 3517 3497 3480 3471 3460 3443 3426 3410 3388 3367 3330 3305 3286 3262 3230 3196 3162 3123 3089 3071 3063 3070 3106 3137 3140 3145 3167 3205 3244
3687 3694 3693 3702 3709 3718 3722 3721 3720 3720 3695 3694 3686 3672 3673 3665 3685 3679 3679 3682 3689 3706 3720 3727 3742 3769 3775 3782 3811 3835 3840 3858 3870 3875 3878 3877 3868 3865 3812 3788 3772 3742 3707 3685 3654 3638 3628 3613 3592 3580 3569 3556 3541 3529 3517 3505 3485 3469 3455 3439 3424 3409 3394 3375 3346 3318 3298 3277 3256 3184 3153 3151 3082 3075 3072 3061 3056 3086 3111 3124 3144 3170 3207 3241
3670 3667 3672 3674 3677 3690 3697 3700 3699 3705 3674 3666 3660 3653 3686 3682 3683 3673 3681 3681 3683 3690 3713 3723 3735 3761 3772 3792 3813 3835 3852 3875 3876 3871 3870 3864 3870 3815 3802 3772 3766 3723 3681 3661 3634 3613 3604 3590 3576 3563 3548 3535 3529 3518 3506 3492 3476 3460 3443 3421 3408 3395 3380 3354 3324 3306 3266 3253 3230 3186 3162 3141 3080 3062 3054 3053 3050 3069 3090 3116 3151 3176 3206 3230
3657 3665 3671 3666 3665 3663 3660 3665 3656 3649 3644 3643 3641 3637 3643 3660 3666 3664 3672 3679 3690 3698 3709 3723 3734 3749 3767 3792 3812 3831 3848 3868 3878 3875 3866 3839 3819 3805 3795 3761 3751 3686 3662 3639 3616 3595 3588 3579 3566 3550 3529 3517 3512 3498 3482 3469 3458 3449 3432 3408 3395 3381 3359 3332 3311 3289 3261 3239 3219 3184 3167 3148 3080 3057 3048 3040 3046 3086 3096 3124 3157 3187 3216 3237
3623 3635 3657 3656 3654 3644 3651 3645 3641 3627 3626 3622 3620 3626 3643 3643 3652 3664 3672 3675 3685 3698 3718 3729 3740 3750 3767 3788 3812 3820 3838 3844 3863 3870 3825 3818 3806 3793 3760 3757 3684 3663 3650 3630 3609 3592 3580 3566 3551 3531 3514 3504 3492 3475 3462 3448 3434 3422 3405 3383 3375 3354 3331 3313 3294 3272 3252 3234 3211 3184 3162 3138 3074 3053 3034 3041 3051 3083 3120 3137 3169 3200 3224 3245
3612 3612 3609 3616 3614 3620 3621 3619 3619 3612 3608 3606 3604 3609 3620 3628 3641 3659 3668 3677 3689 3701 3715 3739 3749 3754 3768 3783 3798 3809 3806 3813 3815 3806 3787 3759 3752 3742 3755 3712 3660 3652 3638 3623 3609 3586 3567 3554 3536 3516 3502 3491 3475 3458 3445 3427 3413 3393 3380 3372 3351 3326 3308 3295 3280 3262 3244 3211 3211 3180 3150 3128 3069 3043 3030 3037 3051 3074 3125 3154 3185 3210 3233 3255
3570 3573 3568 3576 3588 3596 3600 3599 3597 3595 3588 3582 3577 3585 3597 3615 3628 3665 3665 3681 3691 3700 3717 3739 3748 3756 3767 3777 3793 3798 3799 3797 3793 3756 3727 3741 3728 3713 3719 3666 3658 3636 3619 3605 3600 3573 3558 3546 3524 3497 3485 3478 3458 3440 3428 3417 3404 3378 3367 3351 3331 3307 3293 3280 3266 3253 3239 3209 3204 3192 3123 3072 3039 3007 3000 3027 3048 3071 3102 3152 3192 3220 3239 3256
3542 3548 3554 3558 3569 3577 3581 3574 3569 3561 3557 3554 3553 3569 3577 3599 3630 3661 3664 3682 3688 3695 3713 3723 3735 3742 3756 3767 3783 3788 3790 3786 3750 3712 3694 3711 3682 3670 3666 3651 3632 3609 3600 3584 3569 3560 3553 3536 3506 3480 3470 3458 3440 3423 3414 3402 3389 3363 3347 3319 3306 3286 3272 3254 3246 3239 3227 3196 3176 3142 3043 3044 3013 2995 3010 3037 3041 3064 3109 3137 3177 3209 3219 3223
3529 3533 3538 3537 3539 3542 3545 3549 3549 3551 3551 3550 3547 3552 3568 3582 3612 3632 3666 3664 3677 3683 3695 3710 3720 3729 3740 3752 3758 3765 3755 3729 3696 3687 3666 3654 3654 3659 3654 3627 3610 3595 3583 3562 3552 3548 3539 3520 3498 3478 3466 3436 3423 3403 3384 3368 3353 3329 3308 3288 3275 3269 3251 3233 3227 3211 3191 3165 3146 3107 3072 3045 3009 2993 3008 3025 3041 3065 3094 3115 3135 3148 3158 3167
3526 3521 3513 3511 3522 3516 3519 3525 3531 3535 3536 3535 3537 3550 3560 3570 3596 3619 3630 3641 3661 3671 3683 3695 3707 3723 3734 3737 3730 3724 3706 3669 3677 3642 3635 3641 3639 3644 3628 3592 3581 3572 3560 3546 3539 3532 3523 3505 3491 3473 3443 3412 3381 3363 3343 3323 3302 3282 3264 3258 3255 3244 3229 3214 3199 3182 3169 3144 3117 3089 3065 3058 3034 3022 3025 3037 3052 3072 3093 3112 3122 3100 3115 3135
3508 3503 3494 3511 3506 3504 3504 3509 3514 3510 3519 3520 3530 3540 3551 3565 3574 3592 3615 3624 3642 3661 3676 3687 3703 3710 3721 3726 3710 3695 3654 3638 3642 3635 3635 3622 3619 3613 3591 3574 3561 3541 3533 3528 3525 3519 3507 3495 3473 3450 3422 3393 3345 3324 3304 3284 3272 3267 3234 3229 3211 3189 3198 3193 3183 3169 3153 3135 3099 3078 3061 3057 3050 3039 3040 3047 3061 3077 3096 3111 3114 3116 3125 3142
3489 3485 3487 3479 3484 3489 3486 3491 3495 3499 3508 3517 3520 3526 3542 3550 3561 3584 3599 3609 3627 3655 3673 3683 3693 3700 3701 3683 3677 3652 3635 3628 3620 3615 3618 3608 3600 3583 3568 3555 3535 3519 3511 3511 3508 3500 3486 3469 3446 3434 3409 3362 3323 3304 3280 3269 3253 3231 3212 3192 3183 3178 3176 3176 3167 3152 3130 3097 3076 3068 3046 3056 3056 3051 3050 3056 3069 3084 3099 3111 3118 3124 3138 3153
3481 3474 3466 3466 3469 3460 3469 3468 3481 3483 3495 3504 3514 3522 3530 3544 3554 3578 3590 3602 3619 3640 3657 3679 3687 3685 3681 3647 3643 3623 3613 3618 3612 3612 3604 3594 3574 3560 3552 3541 3526 3509 3497 3491 3482 3475 3457 3449 3438 3412 3381 3352 3320 3292 3271 3255 3231 3216 3200 3187 3176 3170 3166 3164 3148 3132 3113 3081 3054 3035 3042 3049 3055 3058 3057 3063 3075 3089 3103 3113 3122 3133 3149 3170
3464 3461 3453 3455 3456 3455 3451 3464 3467 3479 3491 3503 3511 3522 3531 3543 3560 3575 3591 3599 3609 3622 3642 3657 3661 3655 3628 3635 3629 3604 3605 3599 3606 3592 3585 3573 3558 3548 3540 3527 3513 3499 3481 3468 3460 3450 3439 3433 3421 3399 3376 3338 3304 3285 3265 3245 3226 3206 3191 3175 3167 3160 3154 3134 3124 3110 3093 3051 3033 3021 3026 3037 3047 3057 3062 3069 3080 3093 3106 3117 3127 3141 3161 3184
3467 3453 3439 3435 3432 3433 3440 3451 3459 3488 3498 3505 3515 3528 3537 3544 3560 3570 3583 3587 3593 3588 3581 3588 3587 3583 3578 3582 3577 3574 3579 3583 3578 3581 3566 3550 3537 3531 3513 3506 3494 3484 3465 3449 3440 3429 3422 3409 3382 3376 3333 3313 3298 3279 3259 3241 3221 3196 3173 3158 3151 3145 3125 3102 3091 3070 3044 3028 3021 3012 3001 3018 3036 3052 3062 3072 3083 3096 3108 3120 3133 3152 3175 3201
3454 3451 3440 3427 3425 3431 3442 3449 3462 3482 3497 3502 3510 3518 3537 3541 3555 3562 3569 3580 3583 3546 3541 3539 3512 3506 3508 3533 3554 3556 3563 3568 3571 3559 3556 3530 3515 3504 3497 3488 3475 3463 3451 3437 3424 3416 3402 3374 3342 3319 3309 3304 3289 3269 3255 3235 3204 3180 3156 3141 3138 3127 3104 3077 3052 3035 3024 3008 2994 2988 2969 3005 3027 3046 3061 3073 3085 3097 3110 3124 3143 3163 3187 3213
3450 3441 3424 3417 3416 3416 3433 3443 3456 3467 3484 3494 3497 3505 3517 3539 3542 3548 3561 3563 3552 3523 3516 3513 3498 3496 3499 3509 3539 3548 3554 3556 3559 3551 3524 3512 3500 3486 3483 3471 3456 3445 3435 3423 3410 3404 3382 3351 3319 3306 3297 3291 3277 3263 3243 3212 3183 3159 3140 3128 3115 3102 3088 3060 3039 3024 3007 2984 2966 2979 2990 3001 3022 3042 3057 3072 3086 3099 3113 3131 3151 3174 3199 3226
3447 3439 3426 3410 3416 3416 3426 3435 3440 3448 3476 3487 3484 3491 3501 3513 3530 3532 3530 3530 3517 3514 3504 3488 3483 3483 3489 3500 3512 3532 3538 3537 3542 3528 3507 3493 3485 3462 3456 3448 3437 3426 3415 3404 3393 3376 3356 3337 3321 3300 3287 3278 3262 3247 3221 3205 3167 3151 3131 3108 3092 3083 3066 3049 3031 3017 2987 2958 2945 2974 2992 3006 3020 3039 3056 3072 3087 3102 3118 3139 3162 3185 3212 3240
3451 3444 3432 3419 3410 3416 3420 3426 3426 3455 3473 3469 3488 3486 3490 3498 3516 3519 3516 3512 3508 3489 3476 3466 3464 3476 3487 3490 3499 3507 3506 3507 3501 3494 3487 3479 3467 3458 3441 3420 3417 3414 3406 3396 3379 3358 3340 3321 3310 3290 3275 3262 3245 3225 3197 3184 3161 3169 3126 3100 3078 3056 3044 3034 3021 2990 2962 2944 2958 2972 2991 3005 3022 3038 3056 3072 3089 3105 3125 3147 3173 3198 3226 3257
3448 3444 3434 3419 3411 3408 3416 3416 3418 3432 3441 3450 3456 3464 3489 3488 3502 3501 3501 3494 3474 3465 3449 3439 3434 3433 3446 3453 3467 3473 3475 3467 3424 3427 3441 3426 3420 3417 3416 3393 3396 3396 3395 3397 3359 3346 3325 3308 3289 3273 3254 3242 3225 3209 3187 3166 3154 3139 3120 3096 3067 3042 3030 3016 3004 2978 2942 2954 2961 2975 2991 3006 3022 3039 3056 3073 3090 3110 3132 3156 3183 3210 3239 3269
3454 3449 3431 3421 3412 3409 3403 3429 3416 3412 3418 3425 3431 3442 3452 3463 3469 3472 3469 3465 3471 3456 3435 3425 3422 3414 3415 3423 3434 3440 3437 3420 3403 3385 3383 3376 3387 3392 3383 3375 3380 3383 3384 3378 3349 3332 3314 3296 3269 3254 3242 3230 3209 3198 3179 3157 3136 3121 3103 3080 3060 3034 3015 2999 2970 2955 2914 2936 2957 2975 2992 3007 3023 3040 3057 3074 3093 3115 3139 3165 3192 3221 3250 3282
3459 3455 3451 3428 3410 3400 3417 3405 3398 3395 3397 3400 3407 3414 3422 3432 3438 3439 3437 3434 3431 3422 3414 3408 3406 3395 3391 3394 3400 3406 3401 3389 3374 3363 3352 3360 3369 3371 3365 3359 3363 3373 3372 3360 3341 3315 3295 3271 3257 3243 3234 3222 3194 3177 3163 3144 3126 3107 3087 3061 3044 3028 3007 2984 2962 2926 2892 2930 2953 2973 2992 3006 3022 3040 3057 3076 3096 3119 3144 3171 3199 3228 3258 3289
3478 3466 3456 3441 3407 3411 3409 3365 3371 3376 3374 3378 3379 3385 3392 3398 3405 3406 3405 3402 3397 3391 3385 3380 3376 3370 3366 3366 3370 3373 3370 3360 3348 3340 3337 3339 3343 3344 3346 3343 3347 3350 3348 3343 3313 3299 3278 3264 3249 3225 3223 3209 3183 3162 3147 3131 3110 3089 3070 3047 3027 3009 2989 2955 2932 2930 2929 2934 2955 2973 2990 3006 3023 3040 3058 3077 3098 3122 3148 3175 3203 3232 3261 3289
3486 3473 3451 3438 3423 3419 3387 3371 3361 3355 3357 3352 3355 3358 3361 3366 3371 3374 3373 3371 3366 3362 3356 3352 3348 3343 3340 3340 3341 3344 3341 3333 3324 3317 3315 3317 3318 3319 3318 3322 3322 3316 3317 3301 3287 3279 3268 3246 3231 3214 3209 3196 3169 3150 3133 3115 3094 3070 3048 3026 3003 2971 2954 2921 2902 2930 2940 2947 2960 2976 2991 3007 3023 3040 3059 3078 3100 3125 3151 3178 3205 3232 3260 3284
3500 3479 3446 3437 3422 3438 3387 3378 3361 3343 3335 3332 3331 3329 3329 3333 3337 3340 3342 3341 3338 3333 3329 3324 3321 3317 3314 3313 3314 3315 3313 3307 3299 3294 3291 3292 3293 3293 3295 3297 3295 3287 3280 3269 3258 3247 3246 3232 3209 3203 3194 3165 3152 3134 3118 3104 3086 3047 3021 2997 2973 2942 2916 2908 2914 2924 2940 2952 2965 2979 2993 3008 3024 3041 3059 3079 3101 3126 3152 3179 3206 3232 3257 3280
3514 3497 3464 3454 3432 3403 3390 3382 3354 3331 3317 3313 3305 3298 3296 3297 3302 3307 3310 3311 3309 3305 3301 3298 3294 3291 3288 3287 3287 3287 3285 3280 3274 3269 3267 3267 3267 3268 3268 3269 3268 3257 3249 3241 3233 3227 3213 3216 3200 3195 3171 3131 3120 3115 3104 3086 3061 3019 2997 2974 2947 2920 2901 2883 2898 2918 2935 2952 2967 2980 2994 3009 3025 3041 3059 3079 3102 3127 3153 3179 3205 3231 3257 3280
3506 3495 3493 3467 3444 3404 3388 3367 3337 3319 3307 3292 3275 3267 3260 3264 3268 3274 3278 3281 3280 3277 3274 3272 3268 3264 3262 3260 3259 3258 3257 3253 3248 3244 3242 3242 3241 3241 3241 3239 3234 3229 3224 3219 3217 3206 3198 3196 3191 3181 3144 3103 3099 3090 3079 3056 3021 2990 2968 2954 2933 2900 2871 2856 2887 2909 2930 2949 2966 2980 2994 3009 3024 3040 3058 3079 3101 3127 3152 3178 3204 3230 3256 3280
3526 3514 3487 3463 3442 3412 3372 3365 3334 3328 3299 3285 3259 3225 3231 3236 3240 3244 3247 3251 3252 3251 3247 3244 3241 3237 3234 3232 3231 3229 3228 3225 3221 3218 3216 3215 3215 3214 3213 3211 3208 3204 3202 3200 3199 3202 3182 3180 3171 3150 3118 3087 3074 3060 3050 3025 2994 2967 2949 2930 2905 2876 2858 2870 2882 2904 2924 2944 2963 2978 2992 3007 3023 3038 3057 3077 3100 3125 3150 3175 3201 3227 3252 3277
3534 3517 3491 3465 3432 3410 3393 3386 3363 3339 3305 3271 3234 3200 3206 3212 3218 3222 3223 3223 3224 3223 3221 3217 3214 3210 3207 3204 3202 3201 3199 3197 3194 3191 3189 3189 3188 3187 3186 3185 3184 3183 3181 3181 3178 3171 3162 3160 3141 3119 3096 3073 3055 3042 3023 3003 2975 2958 2915 2890 2864 2857 2851 2867 2883 2900 2919 2940 2958 2974 2989 3004 3020 3036 3054 3075 3097 3122 3146 3171 3196 3221 3246 3269
3534 3501 3490 3471 3437 3418 3394 3391 3344 3317 3290 3250 3207 3193 3189 3196 3200 3202 3203 3201 3199 3196 3193 3191 3187 3183 3179 3176 3174 3172 3171 3169 3167 3165 3163 3162 3162 3163 3162 3162 3162 3161 3163 3159 3155 3151 3145 3134 3106 3084 3068 3053 3033 3011 2992 2968 2949 2912 2880 2855 2829 2835 2845 2860 2878 2897 2915 2934 2954 2970 2985 3001 3016 3032 3051 3071 3093 3117 3141 3165 3189 3213 3234 3256
3517 3490 3490 3475 3443 3417 3397 3340 3317 3280 3251 3228 3193 3189 3187 3185 3185 3185 3184 3181 3177 3173 3167 3162 3159 3155 3151 3147 3146 3144 3142 3141 3140 3138 3137 3138 3139 3139 3139 3139 3140 3140 3141 3138 3134 3128 3127 3099 3072 3053 3039 3028 3004 2975 2953 2939 2918 2887 2857 2832 2800 2789 2828 2849 2870 2889 2909 2929 2948 2964 2980 2996 3012 3029 3048 3068 3089 3111 3134 3157 3179 3200 3220 3239
3496 3480 3483 3468 3434 3403 3382 3344 3306 3270 3229 3207 3185 3185 3181 3176 3169 3168 3166 3162 3156 3150 3142 3134 3129 3124 3121 3117 3116 3114 3113 3112 3112 3112 3113 3114 3115 3116 3117 3118 3120 3121 3118 3116 3113 3108 3092 3071 3056 3029 3013 3008 2983 2950 2924 2912 2893 2865 2834 2808 2801 2801 2816 2838 2860 2881 2902 2922 2940 2959 2975 2990 3007 3023 3043 3062 3083 3104 3125 3146 3167 3185 3203 3220
3490 3473 3462 3455 3415 3392 3373 3336 3299 3255 3232 3211 3181 3174 3157 3154 3153 3150 3148 3143 3136 3127 3116 3105 3096 3091 3087 3085 3084 3084 3083 3083 3084 3086 3088 3090 3092 3093 3094 3095 3098 3098 3096 3091 3091 3089 3072 3054 3033 3009 2989 2981 2954 2927 2900 2886 2868 2838 2807 2784 2764 2797 2813 2832 2853 2874 2896 2917 2935 2952 2969 2985 3001 3019 3037 3056 3076 3095 3115 3135 3153 3171 3186 3200
3476 3464 3454 3435 3412 3373 3346 3313 3276 3251 3231 3219 3156 3158 3123 3136 3137 3133 3128 3123 3113 3101 3088 3075 3063 3056 3052 3050 3051 3052 3053 3054 3057 3060 3062 3065 3067 3069 3070 3071 3072 3070 3068 3067 3067 3072 3047 3026 3007 2988 2965 2948 2930 2909 2887 2868 2841 2807 2799 2776 2783 2793 2811 2827 2847 2869 2890 2911 2928 2945 2962 2979 2996 3013 3031 3049 3068 3087 3105 3124 3141 3157 3170 3183
3465 3451 3438 3419 3389 3350 3312 3300 3282 3266 3227 3215 3181 3158 3133 3134 3121 3115 3108 3100 3087 3072 3057 3042 3029 3020 3016 3014 3017 3020 3023 3026 3029 3032 3035 3038 3041 3043 3045 3045 3046 3045 3044 3043 3038 3031 3016 2994 2979 2963 2945 2920 2904 2885 2873 2853 2820 2797 2780 2768 2779 2793 2807 2823 2843 2864 2885 2904 2922 2939 2956 2973 2990 3007 3024 3042 3060 3078 3096 3113 3129 3144 3159 3171
