NASADEM_31.22_103.55_31.35_103.71000000000001.asc
ncols        576
nrows        468
xllcorner    103.549861111149
yllcorner    31.220138888885
cellsize     0.000277777778
NODATA_value -32768
[rows 152 to 189 of 468, columns 0 to 83 of 576]
3118 3118 3110 3106 3108 3108 3108 3104 3096 3087 3068 3054 3039 3047 3054 3059 3074 3090 3104 3113 3117 3118 3120 3127 3135 3146 3157 3188 3217 3237 3249 3258 3272 3284 3294 3304 3315 3320 3329 3333 3338 3349 3357 3373 3394 3409 3426 3440 3454 3468 3479 3492 3500 3511 3530 3546 3557 3571 3593 3611 3623 3643 3671 3688 3702 3725 3736 3742 3746 3740 3728 3721 3712 3703 3692 3677 3665 3653 3641 3634 3629 3621 3616 3611
3143 3145 3138 3137 3138 3134 3127 3115 3106 3099 3085 3063 3053 3057 3067 3079 3087 3101 3116 3130 3138 3140 3140 3142 3150 3156 3171 3191 3218 3234 3252 3261 3274 3291 3307 3317 3328 3336 3347 3354 3365 3369 3375 3384 3394 3412 3436 3451 3467 3480 3495 3508 3513 3531 3544 3557 3568 3579 3603 3619 3628 3645 3668 3692 3705 3721 3733 3734 3730 3721 3711 3704 3700 3695 3683 3672 3658 3640 3628 3619 3609 3602 3594 3589
3160 3161 3158 3159 3162 3157 3147 3133 3115 3110 3089 3068 3062 3068 3080 3091 3102 3116 3131 3146 3158 3159 3155 3158 3161 3169 3187 3203 3217 3233 3250 3265 3283 3300 3315 3330 3339 3348 3358 3375 3384 3388 3390 3396 3408 3425 3445 3461 3473 3490 3507 3524 3537 3551 3561 3573 3580 3592 3615 3630 3640 3653 3679 3696 3704 3711 3719 3714 3701 3697 3692 3686 3685 3683 3676 3668 3656 3639 3618 3610 3599 3587 3574 3567
3166 3176 3180 3186 3181 3172 3164 3148 3134 3122 3089 3074 3072 3078 3090 3107 3118 3129 3143 3158 3168 3175 3173 3171 3174 3188 3197 3211 3225 3237 3257 3270 3287 3310 3325 3341 3356 3357 3376 3389 3403 3407 3409 3413 3420 3436 3457 3469 3481 3500 3523 3536 3544 3558 3575 3590 3601 3613 3630 3644 3657 3672 3689 3701 3704 3697 3690 3684 3678 3675 3670 3666 3664 3669 3664 3662 3656 3640 3618 3601 3582 3572 3559 3550
3160 3182 3196 3203 3203 3191 3180 3163 3141 3126 3110 3090 3088 3093 3113 3122 3131 3143 3154 3175 3187 3191 3190 3192 3198 3206 3211 3220 3238 3254 3268 3282 3296 3314 3337 3356 3369 3380 3394 3406 3421 3427 3426 3429 3438 3450 3465 3480 3491 3510 3536 3545 3552 3564 3591 3608 3617 3627 3643 3657 3670 3683 3693 3701 3687 3673 3659 3657 3656 3653 3650 3647 3647 3652 3654 3654 3652 3639 3617 3597 3575 3560 3548 3538
3148 3169 3187 3208 3214 3210 3197 3174 3153 3135 3120 3109 3103 3112 3124 3136 3146 3162 3179 3198 3204 3209 3214 3218 3224 3228 3228 3237 3252 3265 3278 3280 3308 3325 3343 3359 3381 3393 3410 3429 3434 3443 3446 3445 3453 3458 3469 3484 3505 3529 3551 3565 3569 3590 3609 3620 3628 3639 3649 3660 3669 3678 3683 3675 3650 3639 3635 3634 3632 3630 3631 3631 3632 3637 3643 3645 3642 3631 3613 3591 3572 3551 3535 3526
3141 3162 3184 3202 3213 3216 3201 3186 3168 3150 3129 3118 3120 3125 3139 3152 3168 3188 3199 3208 3219 3224 3235 3237 3238 3241 3244 3255 3266 3277 3287 3294 3319 3335 3349 3370 3391 3409 3425 3439 3449 3465 3468 3464 3466 3479 3484 3502 3523 3545 3564 3578 3593 3607 3623 3635 3635 3638 3642 3646 3655 3665 3664 3634 3610 3618 3617 3609 3608 3612 3614 3616 3619 3625 3633 3635 3633 3618 3605 3586 3557 3530 3522 3507
3134 3158 3181 3200 3213 3216 3211 3196 3180 3161 3150 3144 3139 3145 3156 3173 3189 3205 3213 3228 3240 3246 3253 3252 3249 3252 3261 3272 3283 3292 3302 3319 3332 3346 3361 3383 3401 3411 3425 3449 3460 3479 3490 3485 3486 3502 3507 3520 3538 3561 3574 3588 3601 3615 3628 3633 3634 3627 3626 3625 3631 3641 3641 3616 3594 3599 3596 3589 3585 3591 3595 3597 3605 3615 3626 3629 3624 3610 3593 3568 3543 3526 3512 3496
3126 3147 3180 3197 3212 3221 3218 3210 3196 3182 3175 3161 3159 3164 3175 3189 3206 3223 3235 3249 3263 3268 3270 3267 3268 3274 3280 3289 3300 3309 3321 3340 3353 3361 3378 3402 3407 3419 3434 3461 3481 3493 3502 3504 3514 3527 3537 3540 3552 3573 3588 3597 3607 3616 3620 3621 3621 3609 3603 3598 3598 3609 3613 3594 3578 3575 3572 3570 3568 3569 3574 3580 3589 3603 3616 3618 3614 3603 3582 3562 3540 3524 3506 3488
3141 3156 3179 3200 3210 3221 3226 3222 3214 3202 3190 3179 3179 3190 3200 3212 3229 3242 3253 3269 3283 3286 3288 3289 3287 3291 3297 3307 3321 3329 3341 3357 3368 3380 3400 3418 3423 3432 3452 3480 3498 3504 3512 3523 3543 3552 3561 3561 3567 3578 3595 3605 3608 3607 3605 3603 3599 3588 3579 3572 3574 3577 3571 3563 3559 3553 3550 3549 3546 3549 3556 3563 3574 3590 3602 3609 3607 3597 3573 3556 3537 3515 3496 3485
3146 3170 3192 3198 3209 3222 3234 3233 3228 3217 3207 3206 3211 3215 3223 3234 3242 3259 3275 3290 3301 3303 3306 3307 3305 3308 3316 3326 3340 3348 3357 3369 3381 3396 3418 3429 3433 3443 3465 3492 3510 3515 3530 3542 3565 3575 3575 3578 3583 3590 3612 3608 3599 3591 3585 3583 3583 3572 3561 3554 3550 3546 3538 3537 3532 3533 3530 3528 3524 3530 3543 3552 3563 3577 3591 3602 3599 3588 3572 3554 3535 3509 3492 3479
3156 3174 3187 3199 3208 3224 3236 3243 3240 3229 3226 3231 3231 3235 3243 3251 3266 3285 3300 3309 3315 3320 3324 3327 3327 3331 3336 3346 3358 3368 3376 3386 3399 3420 3434 3442 3448 3458 3475 3499 3521 3535 3547 3560 3572 3586 3587 3593 3599 3608 3610 3603 3589 3572 3566 3568 3561 3547 3538 3530 3528 3521 3513 3509 3507 3509 3513 3510 3508 3516 3530 3544 3558 3574 3587 3594 3596 3587 3568 3552 3538 3508 3492 3467
3155 3172 3187 3203 3208 3222 3242 3249 3249 3246 3245 3246 3247 3252 3265 3278 3289 3304 3316 3322 3330 3334 3339 3342 3346 3352 3361 3368 3373 3381 3391 3402 3418 3434 3450 3460 3470 3481 3496 3520 3537 3550 3559 3568 3573 3582 3591 3602 3605 3608 3600 3588 3571 3554 3546 3545 3534 3522 3512 3506 3506 3502 3491 3485 3483 3487 3491 3494 3496 3505 3522 3538 3556 3572 3584 3594 3593 3584 3567 3546 3529 3507 3484 3458
3156 3174 3191 3203 3216 3229 3242 3249 3253 3254 3257 3260 3264 3274 3290 3304 3310 3322 3332 3340 3345 3351 3353 3360 3364 3377 3389 3389 3391 3402 3404 3418 3434 3454 3467 3481 3495 3507 3521 3538 3553 3556 3562 3566 3570 3573 3580 3587 3595 3589 3574 3561 3539 3526 3521 3511 3504 3493 3486 3481 3483 3485 3473 3465 3462 3465 3468 3475 3481 3493 3515 3533 3552 3565 3574 3586 3595 3586 3571 3547 3527 3503 3486 3475
3156 3172 3188 3202 3213 3228 3241 3245 3247 3250 3258 3269 3283 3296 3314 3330 3334 3340 3353 3359 3366 3370 3374 3378 3381 3396 3406 3414 3416 3421 3427 3436 3455 3474 3485 3494 3509 3525 3534 3542 3551 3552 3554 3555 3557 3557 3562 3570 3577 3567 3553 3538 3513 3503 3497 3487 3476 3469 3462 3458 3460 3463 3454 3447 3445 3448 3453 3459 3468 3483 3500 3515 3539 3547 3560 3576 3593 3590 3577 3553 3532 3514 3497 3477
3150 3166 3184 3194 3203 3219 3234 3236 3238 3246 3257 3276 3294 3311 3332 3350 3354 3363 3370 3377 3384 3393 3400 3401 3402 3411 3423 3434 3433 3445 3454 3457 3477 3495 3506 3509 3525 3535 3538 3534 3535 3538 3539 3538 3538 3539 3541 3549 3555 3543 3530 3521 3501 3486 3478 3469 3460 3451 3447 3437 3437 3433 3429 3426 3428 3432 3437 3445 3459 3473 3486 3497 3513 3530 3545 3565 3581 3585 3571 3555 3544 3518 3496 3473
3150 3159 3177 3189 3192 3202 3213 3223 3233 3243 3259 3279 3301 3319 3341 3357 3367 3376 3384 3391 3397 3405 3411 3415 3421 3431 3442 3446 3456 3471 3471 3476 3494 3508 3515 3516 3521 3530 3530 3518 3514 3516 3524 3522 3522 3519 3515 3522 3525 3518 3509 3499 3481 3466 3458 3449 3432 3424 3417 3416 3416 3408 3406 3406 3411 3413 3418 3431 3446 3461 3475 3485 3500 3516 3529 3543 3568 3583 3571 3557 3542 3518 3495 3472
3149 3162 3172 3180 3183 3189 3200 3214 3229 3242 3255 3278 3300 3321 3344 3360 3370 3380 3397 3404 3405 3407 3410 3412 3418 3434 3445 3453 3465 3482 3487 3500 3504 3509 3510 3509 3503 3508 3512 3502 3493 3493 3499 3506 3496 3492 3491 3487 3492 3483 3481 3473 3461 3447 3432 3426 3402 3392 3395 3398 3391 3386 3387 3390 3394 3396 3402 3415 3430 3446 3463 3479 3496 3511 3525 3541 3562 3574 3574 3558 3538 3516 3495 3477
3145 3156 3161 3168 3174 3180 3193 3208 3224 3236 3252 3272 3299 3326 3345 3359 3373 3388 3400 3407 3403 3405 3403 3402 3409 3423 3437 3446 3461 3477 3490 3497 3500 3503 3496 3491 3486 3486 3493 3488 3476 3474 3472 3468 3466 3468 3472 3472 3464 3462 3461 3456 3442 3423 3406 3384 3372 3366 3372 3375 3365 3360 3363 3370 3375 3384 3389 3401 3415 3429 3449 3466 3491 3510 3525 3541 3556 3570 3568 3551 3529 3508 3488 3474
3137 3141 3147 3156 3162 3174 3192 3207 3217 3232 3254 3282 3306 3327 3345 3360 3375 3388 3396 3395 3392 3391 3386 3385 3393 3412 3431 3441 3450 3463 3472 3479 3484 3482 3474 3469 3468 3472 3475 3465 3456 3455 3449 3449 3448 3452 3456 3450 3438 3443 3449 3439 3418 3392 3383 3368 3350 3348 3351 3350 3345 3339 3338 3345 3355 3365 3374 3386 3400 3417 3440 3462 3482 3498 3511 3525 3546 3557 3561 3546 3532 3509 3487 3475
3124 3126 3131 3141 3154 3171 3193 3206 3215 3236 3263 3289 3305 3322 3339 3360 3373 3382 3382 3380 3376 3367 3357 3361 3371 3389 3424 3430 3438 3443 3451 3459 3462 3456 3442 3440 3449 3461 3459 3444 3437 3433 3426 3425 3430 3427 3428 3412 3404 3411 3417 3400 3378 3367 3368 3353 3334 3333 3334 3329 3328 3327 3324 3329 3336 3348 3361 3374 3389 3406 3424 3452 3472 3483 3498 3511 3529 3546 3556 3545 3528 3507 3487 3469
3107 3108 3110 3124 3146 3164 3179 3199 3220 3243 3264 3284 3303 3311 3330 3353 3372 3372 3368 3365 3365 3343 3331 3343 3361 3375 3394 3409 3419 3424 3431 3441 3439 3430 3418 3416 3425 3437 3438 3424 3413 3405 3392 3396 3393 3392 3380 3374 3372 3372 3371 3358 3340 3333 3329 3310 3299 3307 3305 3304 3307 3310 3310 3315 3325 3335 3347 3362 3378 3396 3420 3437 3456 3470 3483 3495 3510 3529 3542 3544 3524 3498 3478 3465
3090 3093 3099 3113 3136 3159 3176 3192 3216 3237 3253 3273 3293 3305 3316 3342 3356 3357 3350 3348 3336 3318 3312 3329 3349 3365 3374 3383 3394 3406 3415 3425 3423 3407 3401 3402 3411 3412 3414 3397 3385 3378 3371 3370 3374 3369 3356 3349 3350 3345 3340 3326 3313 3302 3288 3268 3266 3274 3283 3282 3289 3290 3292 3302 3312 3321 3330 3343 3363 3386 3411 3433 3443 3453 3468 3483 3503 3519 3532 3531 3514 3495 3478 3468
3076 3086 3097 3111 3130 3151 3171 3187 3204 3222 3243 3263 3284 3299 3312 3325 3339 3336 3329 3320 3294 3283 3293 3314 3337 3351 3358 3358 3371 3388 3398 3407 3397 3385 3374 3379 3385 3390 3374 3357 3361 3357 3347 3352 3358 3360 3339 3334 3332 3318 3300 3290 3292 3278 3265 3247 3244 3255 3264 3269 3274 3277 3282 3290 3301 3312 3322 3343 3367 3390 3404 3416 3426 3440 3454 3473 3495 3511 3521 3524 3518 3496 3482 3473
3063 3077 3090 3104 3121 3145 3168 3177 3195 3215 3236 3254 3280 3296 3303 3311 3322 3331 3307 3280 3259 3257 3274 3295 3318 3335 3344 3348 3354 3373 3382 3378 3373 3363 3353 3354 3358 3351 3338 3332 3337 3329 3327 3331 3339 3332 3320 3312 3302 3279 3265 3262 3263 3256 3248 3232 3230 3237 3241 3247 3255 3261 3268 3277 3288 3304 3315 3337 3372 3380 3387 3397 3415 3427 3444 3467 3483 3501 3520 3528 3519 3500 3485 3472
3051 3066 3084 3099 3112 3133 3158 3173 3194 3217 3235 3256 3276 3286 3291 3298 3308 3309 3286 3246 3232 3241 3257 3275 3303 3317 3333 3342 3347 3360 3362 3358 3356 3344 3337 3341 3339 3326 3312 3315 3309 3307 3310 3315 3320 3311 3300 3284 3271 3257 3244 3241 3236 3231 3217 3210 3213 3218 3224 3231 3238 3243 3250 3262 3278 3295 3309 3345 3367 3375 3379 3389 3399 3413 3426 3457 3480 3497 3512 3521 3526 3512 3491 3473
3044 3066 3079 3092 3105 3124 3146 3171 3198 3220 3233 3248 3264 3274 3278 3287 3291 3275 3249 3214 3211 3226 3243 3261 3282 3298 3312 3326 3340 3346 3343 3343 3342 3322 3316 3318 3312 3290 3289 3291 3286 3288 3293 3298 3300 3298 3278 3258 3251 3239 3230 3222 3216 3204 3184 3183 3189 3203 3209 3216 3223 3224 3230 3241 3253 3279 3307 3337 3364 3363 3372 3384 3399 3419 3434 3453 3474 3492 3510 3523 3527 3518 3504 3484
3037 3058 3071 3085 3098 3117 3141 3165 3194 3214 3225 3235 3249 3256 3259 3253 3245 3224 3200 3186 3189 3206 3228 3244 3262 3277 3293 3312 3327 3331 3330 3331 3321 3304 3295 3289 3267 3261 3259 3262 3269 3266 3274 3278 3279 3272 3245 3229 3226 3221 3211 3199 3191 3183 3168 3159 3168 3181 3190 3198 3206 3214 3221 3234 3251 3276 3299 3320 3340 3345 3365 3407 3416 3431 3449 3456 3472 3495 3521 3531 3533 3529 3517 3500
3016 3038 3057 3079 3096 3119 3143 3162 3183 3200 3212 3220 3226 3232 3224 3211 3190 3175 3159 3156 3169 3189 3210 3232 3251 3267 3280 3296 3309 3314 3313 3314 3301 3287 3277 3263 3252 3246 3244 3238 3233 3238 3244 3253 3255 3239 3216 3207 3206 3201 3187 3173 3165 3159 3145 3140 3146 3160 3171 3180 3187 3201 3215 3232 3242 3252 3275 3286 3310 3347 3352 3371 3404 3454 3459 3466 3477 3503 3522 3535 3535 3533 3520 3506
3006 3029 3050 3073 3092 3114 3136 3155 3167 3178 3189 3196 3197 3200 3195 3177 3158 3141 3134 3136 3156 3175 3196 3220 3246 3261 3274 3284 3292 3297 3298 3297 3287 3273 3257 3245 3241 3234 3228 3216 3206 3212 3222 3227 3229 3209 3194 3191 3180 3173 3161 3144 3132 3125 3120 3118 3125 3134 3150 3166 3175 3182 3200 3216 3230 3242 3271 3305 3338 3349 3355 3366 3391 3414 3435 3455 3469 3484 3505 3520 3527 3530 3525 3516
2999 3029 3047 3068 3087 3106 3124 3139 3149 3155 3160 3166 3165 3168 3156 3145 3125 3112 3110 3124 3145 3167 3188 3211 3238 3259 3270 3276 3283 3289 3285 3281 3273 3259 3237 3229 3223 3219 3202 3189 3186 3194 3199 3204 3201 3173 3171 3168 3159 3151 3141 3119 3098 3094 3098 3101 3106 3118 3133 3151 3161 3174 3188 3204 3221 3243 3281 3312 3334 3354 3374 3363 3373 3396 3411 3438 3471 3492 3509 3515 3521 3524 3522 3515
2998 3027 3042 3058 3078 3095 3109 3121 3129 3128 3131 3135 3133 3133 3112 3095 3089 3085 3094 3111 3135 3160 3187 3208 3228 3250 3266 3276 3283 3285 3275 3261 3252 3231 3218 3214 3205 3191 3173 3163 3161 3166 3171 3163 3167 3155 3150 3146 3139 3135 3123 3095 3077 3075 3077 3084 3094 3107 3117 3128 3141 3155 3175 3191 3209 3225 3246 3255 3278 3286 3302 3325 3369 3398 3417 3435 3462 3478 3507 3519 3526 3524 3517 3508
2980 3003 3026 3047 3065 3078 3092 3104 3106 3106 3103 3095 3099 3089 3073 3063 3061 3073 3087 3107 3137 3164 3182 3201 3216 3241 3264 3276 3279 3278 3265 3252 3233 3211 3202 3197 3190 3167 3149 3142 3133 3138 3138 3137 3138 3140 3136 3128 3118 3100 3087 3062 3058 3054 3056 3064 3073 3089 3105 3115 3130 3148 3165 3178 3186 3198 3216 3235 3256 3291 3314 3342 3346 3381 3412 3422 3440 3465 3488 3515 3532 3528 3519 3508
2967 2990 3013 3034 3049 3061 3074 3081 3085 3080 3069 3066 3065 3058 3049 3037 3038 3061 3084 3106 3134 3150 3161 3194 3224 3243 3255 3263 3270 3266 3253 3242 3223 3205 3191 3178 3170 3147 3130 3128 3121 3110 3106 3115 3123 3127 3121 3106 3092 3074 3056 3036 3031 3030 3031 3039 3049 3069 3089 3105 3121 3136 3144 3181 3169 3193 3215 3239 3259 3288 3314 3339 3361 3375 3394 3417 3438 3461 3483 3500 3510 3516 3517 3511
2965 2989 3006 3017 3030 3043 3051 3059 3057 3048 3043 3043 3039 3027 3017 3021 3029 3048 3080 3110 3125 3147 3172 3199 3223 3238 3252 3257 3257 3253 3240 3232 3219 3197 3180 3166 3148 3134 3120 3111 3103 3085 3084 3088 3096 3097 3092 3087 3075 3058 3036 3012 3005 3006 3012 3019 3033 3058 3090 3091 3109 3122 3177 3175 3187 3205 3225 3245 3266 3285 3314 3339 3363 3377 3396 3414 3438 3455 3471 3482 3498 3511 3513 3498
2965 2981 2989 2996 3021 3031 3036 3040 3033 3018 3014 3012 3003 2993 2990 3007 3022 3047 3073 3101 3125 3148 3174 3193 3207 3224 3237 3251 3251 3241 3234 3218 3198 3184 3175 3160 3148 3119 3107 3094 3076 3066 3061 3062 3059 3059 3065 3063 3054 3040 3013 2990 2984 2986 2992 3003 3017 3039 3092 3128 3103 3133 3159 3184 3192 3211 3234 3256 3273 3292 3319 3353 3372 3382 3390 3404 3419 3435 3452 3463 3481 3496 3504 3506
2954 2964 2970 2974 3002 3015 3020 3018 3006 2993 2984 2976 2967 2969 2996 2997 3023 3042 3064 3076 3100 3131 3149 3177 3196 3210 3225 3240 3240 3227 3221 3204 3190 3176 3161 3146 3134 3103 3094 3078 3061 3051 3044 3037 3036 3035 3042 3035 3023 3012 2997 2973 2970 2971 2973 2981 2998 3019 3110 3135 3096 3130 3166 3185 3187 3213 3236 3257 3281 3300 3316 3337 3370 3381 3385 3393 3401 3414 3432 3448 3461 3476 3494 3506
2933 2945 2954 2965 2978 2994 2999 2992 2971 2961 2957 2947 2943 2956 2984 3006 3021 3039 3053 3070 3086 3111 3140 3168 3197 3207 3217 3227 3223 3211 3205 3193 3184 3170 3148 3132 3115 3089 3084 3070 3045 3035 3023 3020 3018 3016 3008 2991 2994 2986 2964 2956 2952 2954 2955 2966 2985 3002 3021 3067 3091 3110 3149 3178 3178 3206 3233 3254 3278 3296 3312 3330 3349 3367 3373 3378 3387 3400 3416 3432 3441 3453 3475 3486
