NASADEM_31.22_103.55_31.35_103.71000000000001.asc
ncols        576
nrows        468
xllcorner    103.549861111149
yllcorner    31.220138888885
cellsize     0.000277777778
NODATA_value -32768
[rows 38 to 75 of 468, columns 336 to 419 of 576]
3322 3327 3345 3350 3357 3352 3360 3375 3390 3403 3419 3435 3453 3474 3487 3495 3508 3521 3537 3554 3571 3577 3537 3542 3531 3517 3508 3488 3472 3451 3443 3438 3419 3415 3410 3405 3393 3371 3356 3345 3336 3330 3329 3329 3333 3340 3349 3359 3370 3379 3386 3392 3397 3398 3401 3390 3358 3403 3404 3413 3420 3433 3469 3487 3499 3513 3517 3538 3535 3539 3529 3527 3528 3533 3544 3542 3548 3553 3547 3540 3536 3518 3505 3483
3331 3357 3353 3335 3326 3327 3336 3355 3375 3391 3404 3420 3438 3454 3468 3480 3492 3505 3529 3544 3556 3563 3532 3518 3512 3511 3501 3489 3469 3452 3447 3405 3397 3392 3390 3388 3378 3354 3336 3322 3313 3307 3306 3308 3314 3321 3329 3339 3350 3360 3367 3374 3378 3382 3380 3370 3368 3355 3384 3403 3412 3422 3452 3475 3487 3499 3497 3493 3495 3495 3487 3510 3510 3519 3538 3543 3536 3534 3535 3536 3520 3515 3499 3478
3417 3397 3350 3329 3304 3305 3324 3345 3365 3380 3389 3403 3420 3433 3448 3466 3485 3508 3520 3530 3549 3551 3550 3509 3504 3506 3499 3492 3478 3447 3428 3408 3389 3382 3375 3363 3345 3322 3305 3296 3289 3284 3282 3286 3293 3301 3309 3318 3328 3338 3347 3353 3358 3361 3361 3361 3364 3376 3391 3403 3404 3422 3455 3466 3479 3475 3462 3466 3464 3474 3487 3488 3495 3502 3489 3496 3526 3528 3527 3528 3514 3505 3486 3489
3380 3369 3342 3316 3297 3300 3314 3332 3349 3364 3378 3396 3410 3425 3443 3470 3494 3509 3512 3525 3532 3539 3526 3516 3512 3509 3500 3471 3452 3432 3411 3391 3376 3363 3348 3331 3299 3280 3270 3268 3258 3256 3260 3265 3271 3279 3288 3297 3306 3316 3325 3332 3337 3342 3348 3353 3364 3380 3400 3397 3411 3416 3446 3456 3454 3452 3449 3450 3451 3459 3467 3473 3478 3483 3482 3481 3494 3506 3518 3515 3507 3523 3504 3486
3348 3341 3321 3301 3291 3296 3309 3326 3342 3361 3377 3391 3409 3426 3443 3464 3481 3490 3546 3525 3525 3525 3510 3494 3486 3481 3468 3450 3431 3412 3393 3374 3358 3343 3325 3300 3274 3233 3249 3248 3245 3228 3237 3243 3248 3255 3265 3275 3285 3295 3304 3312 3319 3325 3333 3346 3362 3382 3406 3405 3422 3445 3426 3444 3444 3434 3435 3438 3440 3445 3452 3458 3465 3470 3474 3483 3492 3513 3524 3530 3528 3525 3513 3499
3321 3316 3304 3290 3284 3293 3305 3321 3343 3359 3372 3384 3403 3429 3444 3443 3468 3483 3498 3503 3499 3506 3488 3477 3463 3452 3442 3427 3411 3392 3374 3357 3339 3323 3304 3281 3257 3247 3237 3233 3219 3213 3214 3217 3222 3232 3242 3253 3264 3274 3284 3293 3301 3310 3321 3335 3355 3373 3392 3418 3437 3448 3444 3421 3409 3420 3422 3425 3429 3433 3438 3445 3453 3460 3469 3479 3492 3513 3517 3509 3505 3504 3507 3498
3295 3292 3287 3280 3279 3285 3298 3315 3331 3346 3360 3377 3394 3413 3427 3441 3455 3465 3472 3473 3470 3474 3469 3452 3442 3431 3420 3407 3389 3373 3357 3339 3321 3304 3287 3267 3252 3238 3229 3223 3205 3195 3184 3189 3198 3209 3221 3232 3243 3254 3264 3274 3284 3295 3309 3324 3342 3361 3381 3398 3410 3419 3416 3402 3402 3404 3408 3412 3416 3420 3426 3435 3444 3452 3461 3471 3482 3495 3498 3488 3478 3478 3489 3489
3273 3272 3270 3270 3273 3279 3291 3305 3321 3334 3346 3365 3383 3400 3414 3425 3440 3447 3451 3446 3443 3439 3443 3430 3420 3419 3405 3385 3371 3356 3339 3321 3305 3288 3271 3255 3242 3229 3219 3205 3191 3176 3169 3159 3177 3189 3201 3213 3224 3234 3245 3256 3268 3281 3296 3311 3328 3345 3361 3374 3385 3392 3390 3389 3389 3391 3394 3399 3403 3409 3415 3425 3435 3444 3452 3461 3469 3476 3476 3469 3456 3454 3463 3447
3253 3255 3256 3258 3264 3272 3283 3296 3310 3323 3337 3353 3370 3390 3403 3414 3424 3435 3442 3437 3423 3420 3417 3411 3395 3382 3376 3365 3355 3339 3322 3304 3288 3273 3258 3244 3229 3218 3205 3193 3178 3164 3153 3157 3162 3170 3182 3193 3205 3215 3226 3238 3250 3264 3279 3295 3311 3326 3340 3351 3360 3366 3368 3372 3374 3377 3381 3385 3391 3397 3406 3416 3425 3433 3441 3449 3458 3466 3467 3453 3435 3425 3427 3417
3235 3239 3243 3247 3254 3264 3274 3287 3300 3313 3328 3343 3361 3377 3392 3403 3411 3419 3442 3445 3396 3390 3388 3377 3366 3360 3353 3351 3337 3322 3305 3287 3272 3257 3243 3227 3215 3203 3193 3182 3167 3154 3140 3145 3149 3155 3163 3173 3185 3196 3208 3220 3233 3246 3262 3277 3291 3306 3318 3328 3335 3342 3346 3354 3358 3362 3367 3372 3378 3386 3397 3407 3416 3425 3433 3440 3444 3460 3452 3427 3414 3403 3404 3394
3219 3225 3231 3236 3244 3254 3266 3278 3290 3304 3319 3336 3352 3368 3383 3399 3407 3407 3397 3410 3369 3360 3353 3351 3352 3349 3344 3328 3316 3301 3286 3270 3255 3241 3225 3212 3200 3190 3180 3170 3153 3142 3131 3121 3129 3135 3144 3156 3166 3179 3190 3202 3215 3229 3243 3259 3273 3285 3297 3306 3313 3320 3325 3334 3341 3346 3351 3357 3364 3374 3387 3399 3411 3420 3429 3435 3442 3448 3434 3405 3387 3376 3354 3360
3205 3212 3219 3226 3234 3245 3256 3269 3282 3296 3311 3326 3342 3355 3372 3388 3417 3395 3381 3368 3350 3339 3334 3338 3329 3323 3315 3305 3293 3280 3269 3255 3238 3222 3208 3196 3184 3174 3162 3153 3129 3122 3111 3098 3107 3115 3124 3136 3149 3161 3173 3185 3198 3211 3225 3239 3254 3265 3276 3285 3292 3299 3306 3314 3322 3329 3335 3342 3353 3364 3378 3392 3405 3418 3428 3435 3443 3444 3427 3393 3366 3355 3349 3338
3192 3200 3208 3215 3225 3235 3247 3259 3273 3287 3301 3314 3327 3342 3356 3366 3377 3375 3364 3349 3332 3323 3310 3315 3300 3295 3288 3278 3269 3264 3258 3242 3222 3206 3194 3180 3168 3158 3143 3129 3107 3096 3087 3078 3087 3093 3105 3119 3132 3145 3157 3169 3181 3194 3207 3220 3234 3245 3255 3264 3272 3279 3287 3295 3304 3311 3319 3328 3341 3354 3369 3382 3397 3411 3427 3437 3441 3435 3417 3391 3362 3347 3333 3322
3179 3188 3197 3205 3216 3227 3239 3252 3265 3279 3291 3303 3315 3325 3336 3340 3343 3345 3346 3331 3313 3295 3274 3260 3271 3268 3261 3254 3249 3253 3255 3224 3206 3191 3179 3167 3155 3143 3134 3107 3083 3074 3073 3066 3060 3075 3089 3102 3115 3129 3142 3154 3166 3178 3190 3202 3214 3226 3235 3244 3252 3260 3268 3277 3286 3294 3304 3315 3327 3340 3355 3370 3386 3401 3415 3418 3421 3413 3405 3387 3362 3337 3317 3303
3167 3177 3187 3196 3207 3219 3232 3244 3257 3269 3281 3292 3302 3310 3317 3318 3320 3328 3333 3315 3295 3273 3256 3247 3241 3240 3234 3227 3225 3224 3215 3202 3187 3173 3160 3149 3138 3126 3113 3100 3076 3068 3063 3055 3050 3061 3075 3088 3101 3115 3128 3140 3151 3163 3174 3185 3196 3206 3217 3225 3233 3241 3250 3259 3268 3278 3288 3300 3311 3324 3338 3353 3369 3388 3391 3383 3378 3385 3383 3373 3356 3313 3302 3278
3157 3166 3177 3187 3199 3211 3224 3237 3249 3262 3273 3284 3295 3301 3308 3301 3310 3303 3302 3300 3280 3258 3241 3229 3224 3218 3212 3209 3204 3194 3189 3178 3166 3154 3144 3132 3121 3111 3099 3083 3070 3063 3057 3050 3042 3052 3062 3075 3088 3101 3114 3125 3137 3148 3158 3169 3179 3188 3198 3207 3216 3223 3232 3241 3251 3261 3272 3283 3295 3306 3318 3331 3345 3358 3366 3353 3344 3359 3359 3348 3326 3304 3283 3264
3146 3156 3167 3179 3190 3203 3216 3229 3242 3254 3267 3279 3292 3307 3310 3304 3287 3286 3284 3288 3269 3239 3225 3216 3209 3201 3196 3189 3179 3173 3166 3157 3148 3139 3127 3117 3107 3097 3087 3080 3066 3057 3050 3039 3038 3042 3050 3063 3075 3087 3098 3110 3121 3132 3143 3153 3163 3172 3180 3189 3198 3206 3215 3224 3234 3244 3254 3265 3276 3287 3299 3310 3321 3329 3331 3325 3325 3339 3338 3314 3302 3289 3286 3259
3136 3146 3156 3167 3180 3193 3206 3219 3232 3247 3260 3273 3287 3302 3345 3298 3290 3284 3281 3274 3243 3218 3206 3196 3191 3185 3177 3168 3159 3153 3147 3138 3130 3122 3113 3103 3093 3084 3076 3067 3061 3051 3036 3016 3026 3031 3038 3050 3061 3073 3083 3094 3104 3115 3126 3136 3146 3155 3164 3172 3181 3190 3199 3207 3216 3226 3236 3246 3256 3266 3276 3284 3292 3296 3295 3293 3303 3322 3300 3273 3276 3266 3263 3248
3126 3136 3146 3158 3170 3182 3195 3208 3222 3237 3251 3264 3276 3288 3290 3285 3278 3272 3259 3247 3223 3200 3179 3169 3169 3166 3157 3149 3140 3133 3128 3120 3112 3104 3097 3088 3079 3071 3063 3057 3048 3038 2993 3010 3013 3016 3024 3034 3045 3056 3066 3077 3087 3098 3108 3119 3128 3138 3147 3155 3163 3172 3181 3189 3198 3207 3216 3225 3234 3243 3250 3257 3263 3266 3269 3272 3277 3280 3270 3256 3258 3252 3237 3226
3115 3125 3135 3146 3158 3170 3183 3197 3211 3226 3240 3253 3267 3270 3275 3269 3275 3280 3254 3224 3204 3182 3164 3147 3153 3147 3141 3131 3121 3114 3109 3102 3096 3088 3079 3072 3066 3059 3053 3046 3038 3024 2999 2997 2996 2998 3006 3016 3027 3038 3048 3059 3070 3080 3091 3101 3111 3120 3129 3138 3146 3155 3164 3172 3181 3188 3196 3204 3212 3219 3225 3231 3236 3242 3244 3246 3249 3246 3240 3232 3227 3220 3209 3197
3105 3114 3123 3134 3146 3158 3170 3184 3199 3214 3229 3243 3255 3269 3275 3264 3254 3246 3217 3198 3177 3166 3146 3130 3131 3137 3124 3112 3100 3092 3088 3091 3080 3071 3061 3055 3050 3045 3040 3037 3024 3015 3000 2974 2968 2975 2985 2997 3008 3020 3030 3041 3052 3063 3073 3084 3094 3103 3112 3121 3130 3139 3147 3155 3163 3171 3178 3184 3191 3197 3201 3206 3212 3215 3218 3219 3219 3216 3212 3203 3197 3188 3179 3173
3094 3103 3112 3122 3134 3146 3159 3171 3186 3202 3217 3232 3246 3264 3288 3262 3249 3224 3202 3186 3154 3141 3121 3113 3106 3116 3108 3092 3079 3069 3069 3069 3064 3053 3042 3037 3034 3030 3025 3020 3010 3001 2982 2942 2945 2957 2967 2978 2990 3001 3012 3023 3034 3045 3056 3066 3076 3086 3096 3105 3113 3122 3131 3139 3147 3154 3161 3167 3172 3177 3181 3184 3188 3191 3192 3194 3192 3189 3183 3176 3169 3160 3152 3145
3084 3092 3100 3110 3121 3133 3146 3159 3172 3187 3202 3219 3236 3255 3267 3249 3233 3207 3194 3169 3142 3122 3107 3093 3078 3087 3073 3063 3048 3043 3041 3045 3059 3032 3021 3018 3019 3015 3008 3000 2994 2984 2962 2943 2936 2944 2953 2962 2973 2985 2995 3006 3017 3028 3039 3050 3060 3070 3079 3089 3097 3106 3115 3124 3132 3139 3146 3151 3156 3160 3164 3167 3169 3172 3173 3171 3169 3164 3156 3149 3141 3132 3126 3120
3072 3080 3088 3097 3107 3119 3131 3144 3158 3173 3187 3203 3219 3233 3249 3233 3215 3192 3173 3148 3132 3111 3088 3078 3067 3057 3049 3042 3040 3031 3023 3024 3029 3002 2993 2994 2995 2990 2983 2980 2979 2966 2948 2926 2928 2933 2941 2951 2961 2970 2980 2991 3003 3014 3025 3035 3045 3054 3065 3074 3083 3092 3100 3110 3118 3126 3132 3137 3141 3144 3148 3152 3153 3156 3155 3152 3147 3141 3134 3126 3118 3111 3102 3096
3060 3068 3075 3084 3093 3103 3115 3128 3141 3155 3169 3183 3194 3205 3206 3202 3186 3171 3162 3142 3122 3100 3087 3076 3059 3043 3029 3029 3032 3025 3008 2998 2980 2961 2961 2973 2974 2967 2962 2956 2958 2932 2910 2903 2917 2924 2931 2939 2948 2957 2967 2977 2987 2999 3009 3020 3030 3039 3049 3058 3067 3077 3087 3096 3105 3113 3120 3124 3127 3130 3133 3137 3140 3144 3144 3135 3129 3121 3113 3106 3099 3091 3084 3077
3048 3055 3062 3070 3079 3088 3098 3110 3123 3135 3147 3158 3167 3173 3178 3172 3166 3159 3151 3133 3119 3101 3089 3075 3058 3033 3020 3015 3013 3012 2987 2969 2961 2957 2952 2949 2947 2941 2933 2931 2937 2913 2907 2898 2903 2910 2917 2926 2934 2943 2953 2963 2973 2984 2994 3004 3014 3024 3033 3042 3052 3062 3072 3082 3092 3101 3108 3113 3114 3116 3120 3124 3130 3129 3126 3123 3112 3101 3092 3085 3079 3073 3067 3060
3036 3041 3049 3057 3065 3073 3082 3091 3102 3113 3122 3131 3139 3143 3145 3147 3146 3153 3136 3119 3103 3090 3076 3061 3045 3037 3016 3003 2990 2976 2965 2950 2945 2947 2936 2927 2919 2912 2911 2914 2915 2907 2888 2878 2882 2891 2902 2911 2920 2929 2938 2948 2959 2969 2979 2989 2999 3008 3017 3026 3037 3047 3057 3067 3077 3087 3097 3103 3104 3104 3104 3109 3115 3112 3108 3103 3093 3081 3070 3062 3057 3053 3048 3045
3022 3028 3035 3044 3051 3058 3066 3073 3081 3090 3098 3105 3111 3114 3116 3118 3125 3121 3112 3096 3082 3071 3058 3045 3034 3023 3016 2988 2968 2960 2950 2941 2930 2921 2910 2898 2894 2892 2894 2896 2889 2887 2860 2830 2859 2874 2885 2896 2905 2914 2924 2934 2944 2954 2964 2974 2983 2992 3001 3011 3021 3031 3041 3052 3062 3072 3083 3095 3097 3094 3087 3093 3088 3089 3084 3080 3072 3059 3048 3039 3032 3030 3026 3026
3009 3015 3023 3031 3038 3045 3051 3057 3063 3068 3075 3081 3086 3093 3095 3097 3097 3094 3086 3077 3064 3055 3048 3040 3029 3015 2999 2976 2963 2959 2948 2929 2910 2895 2883 2877 2873 2874 2874 2872 2858 2844 2845 2843 2845 2859 2870 2880 2890 2899 2909 2919 2929 2939 2949 2958 2967 2976 2986 2996 3005 3015 3025 3034 3043 3053 3063 3077 3096 3087 3076 3065 3061 3058 3054 3049 3042 3034 3025 3016 3008 3004 3003 2999
2995 3003 3011 3019 3026 3032 3037 3042 3046 3050 3054 3059 3064 3069 3074 3074 3071 3068 3064 3057 3053 3049 3043 3036 3028 3014 2985 2965 2955 2952 2926 2915 2891 2879 2866 2858 2855 2850 2848 2845 2834 2815 2833 2837 2840 2848 2857 2867 2876 2885 2894 2904 2914 2924 2934 2943 2952 2961 2970 2980 2990 3000 3008 3016 3024 3032 3040 3049 3060 3031 3046 3041 3034 3029 3024 3019 3014 3008 3000 2993 2987 2981 2978 2973
2982 2991 3000 3008 3014 3020 3024 3027 3031 3034 3037 3040 3044 3048 3050 3052 3048 3043 3041 3043 3039 3045 3034 3027 3014 2998 2976 2958 2946 2940 2928 2904 2883 2867 2848 2840 2838 2826 2826 2824 2818 2817 2819 2826 2830 2836 2846 2853 2862 2871 2880 2890 2900 2909 2919 2928 2937 2946 2955 2965 2975 2984 2992 2999 3006 3012 3015 3020 3019 3019 3015 3012 3008 3002 2996 2992 2988 2982 2976 2970 2965 2959 2953 2949
2970 2982 2991 2998 3003 3009 3012 3015 3016 3019 3021 3023 3025 3028 3029 3029 3028 3023 3025 3026 3031 3032 3025 3015 3000 2986 2974 2953 2933 2928 2920 2894 2875 2854 2836 2827 2817 2805 2808 2806 2806 2805 2808 2813 2818 2823 2830 2840 2849 2858 2867 2876 2885 2895 2904 2913 2922 2931 2940 2950 2959 2968 2976 2983 2990 2995 3000 2996 2995 2993 2987 2985 2981 2976 2971 2967 2963 2958 2952 2947 2942 2936 2929 2924
2959 2972 2980 2989 2995 2998 3002 3003 3004 3004 3007 3008 3009 3010 3010 3010 3008 3007 3009 3012 3017 3026 3015 3000 2989 2979 2971 2944 2924 2918 2905 2884 2869 2846 2831 2818 2807 2799 2804 2784 2786 2790 2795 2800 2804 2810 2817 2825 2834 2843 2852 2861 2871 2880 2889 2898 2907 2916 2925 2935 2943 2952 2960 2968 2975 2982 2989 2989 2983 2973 2967 2961 2956 2951 2946 2941 2937 2933 2929 2924 2919 2914 2909 2902
2951 2962 2972 2981 2987 2990 2991 2992 2992 2991 2992 2995 2996 2996 2994 2993 2992 2992 2995 2998 3001 3002 3005 2992 2980 2970 2961 2939 2924 2913 2899 2883 2870 2852 2830 2815 2814 2820 2801 2761 2767 2772 2779 2785 2790 2796 2803 2810 2819 2829 2838 2847 2856 2866 2875 2884 2893 2902 2911 2919 2927 2935 2943 2951 2959 2967 2976 2988 2973 2952 2940 2936 2931 2925 2920 2916 2913 2909 2905 2901 2896 2893 2889 2884
2942 2955 2964 2975 2981 2985 2982 2982 2979 2978 2979 2983 2985 2984 2982 2979 2978 2978 2979 2981 2982 2982 2980 2972 2964 2952 2944 2932 2917 2910 2904 2879 2863 2850 2825 2805 2811 2811 2774 2739 2748 2755 2762 2769 2775 2781 2787 2794 2804 2814 2823 2832 2841 2851 2860 2869 2878 2887 2895 2903 2911 2918 2926 2934 2942 2949 2957 2964 2952 2935 2915 2911 2905 2899 2894 2891 2889 2886 2882 2878 2874 2871 2869 2869
2939 2942 2955 2969 2978 2978 2980 2969 2966 2967 2969 2973 2974 2973 2970 2967 2965 2964 2963 2964 2964 2965 2962 2955 2946 2937 2925 2914 2904 2895 2884 2868 2853 2840 2806 2794 2801 2784 2744 2726 2734 2740 2747 2754 2760 2767 2774 2780 2788 2799 2809 2818 2828 2837 2845 2854 2863 2872 2880 2888 2894 2900 2907 2916 2922 2927 2930 2929 2922 2908 2895 2888 2878 2871 2868 2867 2866 2863 2860 2856 2852 2849 2848 2846
2912 2925 2942 2964 2973 2980 2960 2955 2956 2960 2962 2964 2964 2962 2959 2955 2953 2950 2948 2948 2949 2947 2944 2937 2929 2919 2910 2898 2889 2883 2870 2856 2843 2832 2808 2794 2775 2764 2741 2721 2724 2728 2734 2740 2746 2751 2759 2766 2774 2784 2794 2803 2813 2822 2830 2839 2848 2856 2864 2870 2876 2882 2888 2894 2899 2904 2906 2906 2887 2882 2868 2855 2848 2844 2845 2846 2844 2841 2838 2834 2830 2826 2824 2821
2893 2904 2925 2959 2983 2950 2935 2939 2955 2957 2956 2954 2953 2951 2948 2944 2940 2936 2934 2933 2931 2930 2926 2920 2913 2906 2900 2893 2882 2873 2861 2846 2829 2812 2796 2779 2765 2755 2735 2715 2709 2711 2717 2725 2731 2738 2746 2753 2761 2770 2780 2789 2798 2807 2816 2825 2833 2840 2846 2852 2857 2862 2867 2871 2875 2878 2878 2874 2874 2867 2844 2826 2811 2824 2827 2827 2824 2820 2816 2813 2808 2804 2801 2797
