NASADEM_31.22_103.55_31.35_103.71000000000001.asc
ncols        576
nrows        468
xllcorner    103.549861111149
yllcorner    31.220138888885
cellsize     0.000277777778
NODATA_value -32768
[rows 418 to 455 of 468, columns 0 to 83 of 576]
2028 2006 1988 1978 1977 1985 1987 1992 1999 1998 2010 2027 2049 2068 2079 2086 2100 2112 2125 2143 2169 2190 2210 2227 2247 2265 2278 2292 2291 2284 2281 2287 2292 2300 2314 2327 2341 2351 2360 2365 2368 2365 2363 2358 2359 2377 2406 2427 2442 2458 2473 2481 2480 2492 2511 2530 2552 2570 2591 2628 2659 2692 2748 2754 2770 2747 2777 2812 2840 2865 2882 2907 2951 2976 2998 3024 3048 3053 3055 3060 3067 3073 3078 3079
2060 2034 2009 2004 2006 2004 2001 2001 2006 2004 2009 2025 2035 2051 2066 2075 2091 2104 2123 2140 2164 2187 2205 2219 2233 2256 2274 2277 2270 2260 2257 2267 2277 2281 2294 2303 2315 2328 2332 2336 2335 2341 2330 2326 2340 2363 2387 2402 2410 2422 2447 2467 2468 2483 2503 2528 2549 2563 2583 2609 2632 2674 2737 2716 2767 2754 2782 2817 2848 2871 2892 2921 2957 2993 3022 3042 3056 3061 3061 3061 3064 3068 3070 3068
2078 2056 2036 2027 2021 2017 2010 2013 2010 2020 2028 2025 2029 2045 2055 2065 2081 2104 2115 2134 2162 2180 2199 2212 2223 2241 2256 2257 2245 2239 2238 2245 2253 2258 2266 2281 2286 2296 2302 2306 2306 2310 2308 2313 2336 2354 2372 2390 2403 2421 2447 2459 2467 2477 2501 2526 2547 2559 2578 2606 2633 2658 2691 2721 2746 2767 2791 2821 2852 2877 2900 2928 2972 3001 3026 3039 3047 3048 3044 3050 3050 3051 3054 3049
2097 2081 2062 2050 2034 2026 2025 2036 2033 2037 2042 2038 2035 2036 2043 2053 2068 2080 2090 2125 2149 2169 2187 2200 2211 2218 2227 2227 2223 2220 2220 2222 2225 2234 2242 2253 2267 2271 2278 2281 2285 2295 2307 2321 2340 2357 2374 2396 2417 2435 2449 2460 2477 2485 2500 2527 2549 2563 2585 2606 2642 2668 2699 2730 2748 2773 2796 2823 2853 2878 2907 2938 2970 2996 3017 3027 3023 3015 3017 3022 3024 3030 3031 3029
2109 2096 2079 2062 2047 2039 2046 2058 2064 2073 2076 2058 2046 2041 2048 2053 2062 2067 2092 2122 2145 2163 2179 2187 2195 2202 2201 2202 2199 2199 2200 2203 2205 2219 2228 2230 2248 2258 2264 2272 2285 2298 2313 2330 2352 2369 2394 2422 2434 2439 2456 2477 2497 2506 2517 2535 2568 2575 2612 2634 2653 2676 2704 2730 2750 2775 2803 2828 2858 2879 2906 2934 2961 2983 2993 3003 2990 2986 2990 2992 2997 3000 3004 3006
2116 2107 2086 2069 2059 2059 2074 2089 2091 2092 2100 2090 2077 2070 2066 2064 2065 2072 2090 2128 2141 2152 2163 2169 2179 2179 2177 2173 2175 2175 2180 2184 2193 2209 2220 2227 2233 2247 2259 2278 2295 2311 2325 2343 2365 2392 2418 2436 2449 2458 2476 2507 2522 2542 2545 2566 2596 2623 2641 2650 2669 2689 2711 2739 2766 2790 2818 2851 2871 2891 2910 2927 2943 2956 2962 2958 2956 2960 2965 2972 2972 2976 2986 2997
2129 2118 2099 2081 2080 2082 2104 2113 2117 2127 2121 2113 2104 2091 2074 2068 2064 2070 2091 2112 2126 2131 2139 2151 2155 2155 2151 2151 2156 2164 2167 2181 2196 2214 2228 2241 2249 2263 2270 2298 2311 2325 2339 2356 2377 2400 2425 2446 2463 2481 2499 2517 2553 2572 2576 2589 2618 2645 2659 2676 2691 2712 2734 2759 2783 2810 2836 2858 2874 2889 2903 2915 2929 2937 2933 2929 2929 2930 2944 2948 2952 2965 2981 2994
2143 2127 2106 2097 2100 2107 2131 2140 2150 2148 2143 2133 2124 2104 2078 2069 2062 2079 2093 2105 2112 2118 2127 2133 2129 2132 2134 2134 2147 2161 2173 2184 2207 2221 2242 2260 2272 2279 2301 2313 2322 2328 2345 2360 2380 2407 2429 2451 2474 2491 2501 2531 2562 2582 2608 2616 2641 2658 2679 2693 2713 2730 2756 2775 2795 2815 2832 2848 2864 2875 2884 2893 2907 2906 2906 2908 2906 2906 2916 2926 2938 2956 2971 2975
2144 2127 2115 2117 2126 2141 2174 2170 2169 2159 2151 2144 2133 2122 2116 2115 2101 2091 2096 2102 2110 2114 2119 2120 2118 2121 2122 2129 2145 2163 2177 2185 2204 2221 2239 2259 2269 2280 2289 2302 2317 2326 2340 2356 2380 2401 2430 2451 2478 2498 2523 2553 2575 2597 2616 2639 2662 2675 2687 2697 2708 2730 2765 2779 2795 2806 2818 2828 2841 2856 2866 2867 2866 2867 2878 2880 2886 2892 2903 2913 2924 2940 2952 2960
2172 2159 2133 2123 2157 2172 2199 2197 2192 2177 2178 2167 2156 2144 2141 2135 2110 2100 2099 2105 2110 2115 2118 2122 2126 2129 2141 2141 2147 2165 2175 2183 2200 2215 2232 2247 2256 2261 2265 2282 2310 2324 2331 2354 2384 2410 2437 2455 2481 2510 2548 2574 2588 2603 2625 2643 2664 2675 2678 2690 2701 2723 2747 2765 2777 2785 2797 2807 2818 2831 2841 2839 2837 2841 2836 2845 2868 2884 2896 2900 2903 2916 2935 2949
2202 2181 2166 2159 2187 2189 2208 2209 2211 2214 2205 2195 2181 2168 2161 2149 2130 2119 2115 2118 2127 2133 2144 2152 2157 2156 2164 2164 2168 2174 2182 2191 2207 2215 2229 2242 2244 2241 2241 2251 2303 2314 2325 2377 2406 2417 2441 2467 2495 2527 2555 2576 2588 2606 2618 2630 2642 2649 2658 2673 2685 2703 2723 2742 2754 2762 2773 2784 2791 2802 2812 2815 2811 2806 2811 2820 2847 2872 2884 2889 2890 2908 2936 2950
2219 2194 2194 2184 2194 2203 2214 2222 2231 2229 2222 2210 2200 2189 2185 2173 2150 2139 2134 2145 2157 2173 2180 2184 2188 2176 2173 2177 2185 2187 2192 2206 2220 2224 2233 2240 2242 2234 2228 2246 2312 2313 2328 2369 2408 2429 2444 2472 2492 2520 2534 2551 2570 2587 2599 2611 2620 2629 2637 2650 2663 2680 2698 2714 2730 2737 2742 2752 2755 2765 2781 2788 2788 2785 2792 2803 2841 2855 2868 2884 2898 2924 2944 2954
2195 2199 2200 2203 2210 2218 2227 2241 2244 2253 2243 2230 2217 2210 2205 2182 2162 2158 2164 2176 2190 2200 2209 2215 2213 2200 2185 2176 2185 2192 2202 2216 2234 2243 2250 2265 2255 2252 2248 2260 2296 2309 2330 2354 2374 2371 2439 2462 2479 2495 2520 2539 2554 2571 2584 2590 2590 2597 2612 2630 2649 2669 2680 2695 2705 2709 2714 2718 2716 2725 2747 2761 2771 2784 2799 2820 2850 2874 2884 2915 2919 2954 2952 2967
2195 2213 2221 2224 2229 2236 2250 2263 2273 2281 2277 2256 2240 2227 2219 2196 2175 2180 2192 2200 2215 2223 2230 2231 2228 2211 2187 2183 2194 2203 2213 2231 2247 2255 2272 2278 2278 2279 2281 2294 2301 2314 2335 2353 2375 2399 2434 2454 2474 2490 2514 2528 2537 2546 2561 2561 2562 2575 2589 2613 2638 2656 2666 2672 2678 2687 2696 2702 2707 2715 2719 2752 2771 2799 2825 2843 2874 2892 2910 2933 2954 2963 2972 2984
2279 2238 2239 2240 2243 2254 2274 2286 2291 2296 2292 2276 2260 2232 2226 2221 2212 2210 2214 2225 2238 2246 2252 2246 2235 2226 2196 2193 2206 2221 2235 2245 2254 2267 2280 2292 2295 2300 2312 2328 2330 2331 2341 2344 2364 2405 2429 2449 2471 2481 2491 2502 2507 2512 2517 2542 2547 2567 2581 2612 2628 2640 2646 2653 2652 2672 2686 2705 2728 2735 2749 2762 2795 2814 2835 2858 2885 2898 2919 2937 2951 2960 2983 3005
2333 2312 2260 2259 2258 2276 2300 2309 2310 2308 2306 2285 2257 2233 2241 2238 2231 2233 2239 2254 2265 2271 2273 2269 2251 2236 2223 2210 2225 2245 2253 2263 2281 2284 2299 2313 2320 2324 2342 2353 2356 2365 2352 2359 2386 2420 2436 2442 2456 2468 2469 2480 2494 2523 2507 2542 2569 2581 2593 2612 2626 2626 2645 2645 2656 2670 2691 2713 2743 2765 2772 2784 2802 2823 2843 2866 2884 2900 2919 2936 2947 2962 2990 3022
2309 2307 2276 2280 2281 2305 2322 2335 2332 2334 2329 2296 2274 2268 2260 2252 2250 2255 2261 2277 2282 2288 2284 2286 2255 2237 2232 2224 2243 2262 2268 2286 2299 2307 2319 2338 2347 2361 2371 2383 2377 2372 2361 2381 2422 2446 2455 2455 2464 2467 2474 2482 2510 2536 2540 2568 2577 2592 2596 2608 2618 2625 2642 2653 2668 2682 2695 2723 2761 2779 2787 2806 2823 2839 2852 2875 2893 2906 2920 2940 2954 2972 3003 3039
2326 2315 2283 2310 2318 2321 2337 2351 2354 2352 2344 2318 2298 2290 2273 2265 2270 2275 2279 2287 2297 2301 2298 2305 2255 2238 2230 2231 2244 2267 2273 2287 2303 2318 2335 2353 2370 2385 2391 2400 2403 2411 2410 2443 2451 2470 2467 2470 2474 2486 2500 2514 2539 2559 2580 2587 2605 2603 2603 2619 2631 2641 2655 2667 2688 2694 2714 2744 2774 2784 2808 2834 2852 2864 2868 2887 2912 2928 2939 2954 2967 2993 3024 3056
2350 2336 2330 2332 2333 2342 2360 2369 2374 2359 2345 2331 2310 2295 2279 2279 2287 2292 2297 2302 2310 2312 2311 2302 2266 2242 2230 2227 2229 2257 2274 2288 2303 2320 2346 2363 2382 2397 2410 2429 2441 2442 2460 2472 2478 2481 2479 2486 2495 2505 2521 2548 2571 2591 2606 2623 2640 2639 2632 2647 2661 2683 2693 2709 2715 2729 2749 2777 2797 2813 2827 2846 2867 2876 2886 2900 2923 2940 2961 2970 2985 3015 3038 3056
2358 2346 2341 2345 2357 2364 2375 2384 2378 2370 2356 2334 2314 2303 2298 2300 2308 2315 2315 2322 2325 2322 2310 2294 2265 2249 2234 2229 2236 2258 2287 2294 2302 2320 2345 2372 2394 2415 2435 2457 2472 2476 2487 2490 2494 2502 2500 2514 2522 2533 2545 2583 2606 2614 2624 2636 2649 2657 2660 2674 2698 2719 2728 2732 2745 2758 2779 2806 2825 2835 2849 2863 2874 2894 2906 2915 2932 2948 2966 2983 3005 3029 3042 3060
2370 2360 2356 2364 2372 2379 2387 2394 2398 2396 2384 2351 2349 2323 2328 2329 2331 2340 2342 2344 2345 2338 2314 2289 2274 2260 2242 2234 2235 2245 2279 2298 2307 2321 2345 2373 2396 2419 2443 2469 2485 2493 2502 2512 2520 2521 2520 2534 2550 2557 2577 2594 2609 2619 2629 2641 2655 2665 2675 2691 2708 2732 2743 2754 2771 2788 2811 2829 2843 2859 2877 2887 2901 2918 2927 2938 2954 2963 2980 3000 3025 3045 3057 3072
2382 2373 2374 2379 2391 2400 2406 2412 2418 2416 2404 2377 2369 2356 2348 2350 2356 2363 2366 2365 2372 2358 2329 2301 2287 2274 2257 2245 2244 2251 2271 2312 2314 2325 2345 2372 2395 2416 2446 2476 2490 2501 2515 2521 2528 2535 2543 2551 2559 2566 2581 2592 2605 2615 2628 2645 2662 2672 2687 2710 2729 2742 2757 2775 2793 2810 2832 2851 2864 2880 2899 2910 2922 2931 2939 2952 2968 2979 2992 3015 3036 3051 3065 3079
2396 2386 2397 2411 2419 2423 2425 2434 2435 2425 2413 2390 2380 2378 2372 2374 2382 2389 2396 2400 2386 2365 2350 2327 2302 2285 2269 2261 2258 2259 2257 2263 2315 2329 2356 2382 2400 2425 2458 2481 2493 2508 2526 2539 2544 2549 2553 2553 2554 2561 2570 2584 2597 2610 2626 2647 2666 2682 2703 2730 2748 2759 2773 2792 2806 2820 2846 2863 2874 2889 2899 2908 2920 2930 2937 2949 2970 2986 3001 3020 3035 3046 3060 3077
2424 2419 2429 2433 2442 2445 2445 2450 2447 2426 2415 2402 2394 2398 2400 2403 2407 2414 2417 2409 2393 2374 2365 2342 2320 2302 2283 2272 2268 2266 2266 2271 2285 2305 2357 2387 2408 2436 2458 2480 2496 2512 2530 2542 2544 2550 2550 2549 2548 2554 2562 2572 2586 2601 2626 2653 2676 2698 2716 2741 2762 2775 2788 2805 2820 2835 2850 2858 2868 2877 2886 2892 2907 2918 2930 2944 2964 2982 3000 3015 3029 3036 3046 3067
2454 2448 2448 2452 2466 2471 2473 2469 2458 2437 2427 2413 2408 2424 2426 2430 2432 2433 2424 2417 2401 2384 2374 2357 2338 2316 2296 2283 2280 2278 2277 2282 2295 2307 2351 2374 2398 2419 2449 2474 2488 2499 2516 2528 2532 2533 2533 2535 2536 2546 2558 2567 2577 2610 2640 2664 2678 2698 2718 2742 2764 2780 2794 2811 2825 2839 2842 2844 2846 2852 2860 2873 2888 2902 2918 2939 2959 2975 2989 3007 3020 3029 3041 3063
2480 2475 2470 2475 2491 2497 2493 2490 2473 2455 2443 2432 2438 2445 2448 2450 2456 2448 2434 2423 2410 2399 2387 2366 2346 2325 2309 2301 2297 2301 2301 2306 2311 2319 2342 2365 2388 2411 2439 2464 2474 2483 2495 2506 2509 2507 2509 2508 2518 2533 2548 2567 2580 2611 2640 2654 2671 2694 2723 2741 2757 2776 2790 2802 2813 2825 2827 2823 2824 2830 2840 2856 2875 2888 2905 2927 2948 2958 2970 2984 3001 3022 3040 3063
2509 2504 2501 2507 2522 2519 2515 2506 2484 2467 2459 2453 2457 2460 2462 2465 2466 2462 2446 2434 2424 2409 2397 2379 2361 2340 2327 2322 2321 2323 2321 2326 2319 2327 2338 2356 2377 2405 2428 2446 2459 2465 2471 2475 2477 2479 2479 2488 2502 2516 2541 2554 2551 2585 2613 2640 2661 2681 2704 2728 2744 2763 2777 2786 2799 2806 2808 2807 2810 2819 2833 2853 2865 2873 2885 2914 2935 2945 2952 2963 2982 3011 3033 3060
2545 2544 2530 2537 2540 2539 2536 2520 2501 2481 2476 2475 2476 2479 2478 2475 2475 2472 2462 2443 2425 2408 2395 2385 2362 2352 2348 2348 2351 2352 2352 2345 2350 2346 2349 2363 2382 2397 2411 2429 2442 2442 2442 2446 2453 2460 2464 2477 2499 2522 2538 2542 2561 2581 2604 2623 2643 2661 2682 2707 2730 2747 2755 2770 2779 2784 2791 2795 2802 2812 2831 2845 2856 2865 2884 2900 2917 2935 2947 2965 2986 3005 3030 3054
2584 2570 2556 2553 2554 2559 2559 2543 2519 2500 2496 2497 2497 2499 2500 2501 2494 2493 2480 2461 2426 2404 2396 2383 2373 2369 2369 2376 2378 2380 2377 2380 2375 2369 2367 2366 2385 2395 2404 2414 2423 2424 2424 2429 2437 2445 2457 2472 2491 2509 2529 2551 2560 2568 2588 2610 2628 2641 2665 2685 2704 2713 2724 2737 2751 2756 2766 2781 2805 2812 2831 2845 2855 2870 2881 2891 2902 2922 2940 2968 2985 3004 3026 3047
2605 2597 2586 2583 2583 2587 2584 2571 2551 2535 2526 2522 2521 2528 2527 2523 2515 2509 2505 2483 2444 2429 2407 2394 2387 2385 2387 2392 2400 2400 2404 2401 2398 2400 2390 2382 2391 2396 2406 2415 2422 2420 2422 2425 2434 2442 2452 2465 2485 2503 2519 2534 2547 2559 2570 2586 2604 2622 2637 2646 2660 2674 2689 2707 2717 2731 2762 2780 2802 2816 2832 2836 2852 2866 2880 2887 2899 2924 2944 2964 2981 3000 3021 3040
2628 2617 2614 2616 2613 2601 2591 2580 2572 2565 2550 2551 2551 2549 2548 2544 2536 2526 2528 2509 2473 2444 2426 2415 2401 2399 2402 2417 2430 2426 2428 2423 2429 2431 2435 2414 2426 2421 2425 2433 2437 2434 2434 2443 2452 2459 2464 2474 2483 2498 2509 2513 2530 2545 2553 2563 2573 2588 2598 2613 2631 2648 2661 2678 2694 2705 2716 2747 2793 2803 2815 2832 2844 2864 2872 2892 2911 2938 2947 2963 2979 2992 3009 3033
2655 2647 2643 2642 2634 2624 2604 2598 2593 2589 2584 2579 2578 2579 2578 2568 2556 2535 2510 2516 2477 2454 2445 2433 2423 2422 2429 2440 2446 2450 2452 2454 2452 2448 2444 2443 2451 2449 2450 2451 2459 2461 2461 2468 2475 2482 2490 2496 2490 2496 2496 2505 2523 2543 2552 2567 2594 2583 2580 2595 2616 2632 2650 2671 2678 2682 2688 2683 2734 2789 2814 2832 2842 2863 2877 2898 2928 2946 2958 2977 2997 3013 3029 3042
2686 2682 2673 2667 2661 2646 2633 2628 2620 2617 2612 2606 2608 2610 2603 2592 2590 2555 2548 2517 2520 2490 2490 2449 2441 2444 2453 2461 2469 2479 2488 2486 2483 2470 2456 2457 2464 2470 2471 2471 2476 2486 2487 2492 2501 2505 2512 2513 2503 2510 2518 2535 2543 2547 2553 2590 2593 2590 2585 2594 2603 2618 2632 2648 2663 2677 2691 2706 2726 2752 2793 2825 2845 2893 2880 2894 2918 2937 2954 2985 3005 3025 3040 3054
2708 2706 2701 2699 2695 2679 2667 2660 2644 2638 2631 2626 2626 2625 2625 2620 2616 2594 2568 2545 2531 2522 2489 2457 2459 2469 2477 2486 2494 2502 2508 2509 2506 2498 2491 2482 2488 2498 2496 2496 2499 2505 2509 2525 2530 2531 2532 2549 2559 2558 2562 2563 2567 2577 2605 2611 2613 2616 2621 2625 2630 2627 2633 2642 2653 2688 2710 2721 2737 2762 2792 2817 2821 2853 2874 2884 2913 2919 3022 3014 3027 3028 3047 3071
2716 2712 2718 2718 2710 2695 2682 2669 2655 2646 2636 2634 2634 2631 2630 2632 2626 2602 2575 2552 2535 2523 2496 2478 2483 2494 2501 2509 2511 2516 2521 2524 2522 2519 2515 2513 2525 2534 2534 2526 2523 2526 2540 2551 2555 2560 2569 2578 2592 2598 2594 2591 2605 2607 2626 2629 2626 2627 2631 2642 2650 2661 2662 2656 2665 2680 2704 2713 2731 2753 2770 2790 2808 2842 2867 2898 2921 2961 3024 3014 3023 3047 3086 3115
2717 2723 2727 2729 2712 2699 2680 2664 2652 2639 2634 2635 2636 2638 2636 2634 2626 2611 2580 2550 2533 2517 2504 2500 2509 2514 2521 2527 2536 2542 2542 2543 2551 2549 2541 2542 2559 2562 2563 2555 2554 2559 2567 2575 2581 2587 2594 2602 2611 2616 2615 2629 2635 2641 2648 2646 2647 2651 2658 2666 2672 2682 2679 2679 2685 2694 2699 2703 2710 2731 2759 2784 2806 2823 2858 2899 2922 2951 2995 3007 3035 3054 3063 3085
2694 2700 2706 2709 2699 2686 2669 2650 2636 2631 2630 2633 2639 2649 2653 2649 2631 2616 2592 2570 2545 2524 2525 2528 2536 2538 2546 2556 2568 2575 2578 2579 2578 2572 2570 2583 2584 2586 2584 2583 2580 2585 2595 2606 2605 2611 2624 2629 2639 2638 2640 2646 2662 2662 2663 2663 2667 2671 2675 2684 2690 2695 2703 2703 2705 2705 2710 2712 2716 2735 2763 2777 2787 2807 2833 2866 2901 2917 2893 2969 3044 3054 3067 3077
2675 2683 2686 2686 2680 2671 2655 2636 2626 2622 2621 2626 2640 2651 2657 2658 2645 2630 2614 2594 2574 2544 2551 2554 2564 2570 2577 2587 2597 2609 2615 2603 2600 2598 2600 2604 2604 2605 2606 2603 2609 2617 2625 2630 2631 2636 2649 2659 2664 2670 2671 2681 2681 2680 2680 2678 2676 2681 2689 2696 2709 2719 2726 2729 2732 2741 2764 2766 2751 2749 2775 2785 2791 2809 2837 2866 2886 2894 2894 2935 2993 3023 3051 3075
