SRTMGL1_28.169999999999998_84.83_28.3_85.01.asc
ncols        648
nrows        468
xllcorner    84.829861111146
yllcorner    28.170138888885
cellsize     0.000277777778
NODATA_value -32768
[rows 148 to 184 of 468, columns 85 to 169 of 648]
2214 2216 2214 2221 2223 2219 2218 2217 2193 2153 2117 2072 2035 2016 1995 1978 1959 1942 1928 1906 1883 1870 1861 1853 1844 1829 1812 1803 1791 1781 1774 1763 1751 1743 1741 1732 1716 1702 1692 1678 1666 1644 1615 1600 1552 1532 1516 1503 1472 1434 1416 1408 1388 1368 1345 1324 1313 1296 1276 1253 1238 1215 1192 1177 1176 1175 1163 1145 1136 1166 1202 1218 1231 1242 1246 1251 1252 1256 1268 1287 1286 1288 1290 1305 1322
2234 2233 2233 2232 2231 2224 2229 2227 2178 2148 2109 2060 2039 2017 1998 1985 1972 1949 1934 1917 1895 1883 1873 1864 1855 1843 1828 1814 1800 1789 1781 1773 1767 1755 1751 1744 1731 1715 1700 1687 1669 1638 1613 1595 1554 1529 1513 1494 1467 1449 1434 1419 1397 1379 1355 1333 1317 1307 1286 1270 1252 1229 1208 1198 1189 1182 1167 1149 1134 1127 1144 1181 1203 1206 1176 1180 1189 1215 1214 1223 1240 1244 1249 1256 1284
2251 2248 2251 2248 2249 2249 2244 2181 2162 2120 2085 2065 2043 2024 2009 1995 1974 1954 1937 1923 1909 1899 1888 1870 1860 1846 1835 1826 1813 1802 1792 1783 1776 1766 1752 1746 1730 1717 1702 1682 1654 1630 1608 1587 1562 1526 1521 1508 1483 1462 1445 1432 1405 1383 1361 1341 1326 1312 1289 1265 1254 1243 1230 1214 1199 1185 1171 1157 1140 1129 1133 1143 1155 1160 1137 1133 1156 1165 1182 1184 1197 1201 1203 1221 1227
2270 2270 2266 2269 2274 2240 2204 2172 2149 2115 2085 2065 2045 2030 2019 2000 1979 1958 1944 1933 1922 1918 1902 1885 1869 1855 1846 1839 1829 1816 1802 1788 1779 1768 1756 1741 1727 1714 1696 1671 1649 1629 1608 1584 1557 1535 1524 1510 1492 1475 1463 1428 1404 1387 1370 1351 1334 1315 1286 1268 1262 1256 1244 1220 1206 1194 1182 1169 1150 1134 1130 1124 1116 1106 1110 1098 1120 1128 1146 1145 1144 1147 1158 1173 1176
2284 2284 2278 2276 2282 2224 2198 2158 2132 2109 2079 2061 2045 2031 2020 2006 1985 1969 1958 1944 1929 1919 1910 1894 1881 1867 1854 1843 1834 1823 1807 1793 1782 1773 1761 1744 1731 1713 1691 1667 1648 1631 1607 1583 1560 1543 1529 1513 1497 1488 1462 1431 1401 1386 1374 1361 1343 1327 1304 1285 1274 1270 1258 1241 1221 1208 1195 1181 1163 1145 1141 1131 1113 1093 1081 1074 1070 1068 1081 1102 1121 1118 1118 1125 1138
2297 2293 2287 2288 2285 2220 2177 2141 2117 2095 2071 2061 2049 2034 2021 2007 1993 1980 1971 1956 1938 1925 1914 1903 1891 1873 1856 1844 1834 1824 1814 1801 1788 1776 1765 1750 1733 1712 1685 1663 1645 1627 1606 1588 1566 1546 1532 1519 1502 1483 1464 1438 1408 1387 1376 1362 1348 1335 1319 1296 1283 1276 1270 1255 1236 1224 1214 1200 1181 1166 1155 1146 1129 1108 1088 1078 1068 1059 1057 1072 1079 1076 1076 1092 1111
2311 2307 2308 2305 2246 2215 2161 2134 2116 2088 2073 2060 2053 2039 2024 2011 2001 1987 1978 1965 1948 1937 1923 1910 1896 1877 1857 1841 1832 1827 1814 1801 1793 1787 1776 1758 1732 1706 1684 1665 1650 1632 1612 1594 1578 1559 1545 1531 1512 1481 1478 1451 1425 1401 1376 1360 1349 1340 1323 1304 1290 1284 1280 1265 1247 1233 1224 1211 1197 1181 1174 1161 1143 1121 1110 1091 1071 1057 1050 1050 1048 1046 1043 1069 1096
2322 2316 2326 2320 2251 2207 2164 2136 2122 2094 2074 2059 2047 2037 2026 2016 2001 1985 1977 1966 1952 1938 1928 1913 1897 1879 1859 1837 1830 1823 1809 1797 1793 1788 1776 1760 1737 1714 1698 1675 1661 1645 1628 1608 1593 1575 1556 1543 1522 1505 1482 1454 1427 1403 1379 1363 1354 1347 1336 1313 1300 1296 1288 1275 1258 1249 1243 1227 1208 1194 1180 1166 1144 1129 1113 1095 1079 1072 1063 1051 1036 1031 1032 1046 1069
2331 2318 2331 2275 2246 2204 2173 2144 2129 2096 2079 2058 2044 2034 2027 2014 1997 1981 1976 1966 1951 1935 1922 1909 1888 1879 1858 1840 1828 1818 1808 1800 1796 1790 1778 1766 1755 1741 1717 1693 1676 1661 1641 1624 1607 1585 1565 1564 1547 1519 1493 1440 1422 1407 1379 1370 1358 1348 1338 1322 1310 1303 1292 1279 1267 1258 1250 1238 1225 1204 1182 1166 1149 1131 1113 1096 1083 1076 1068 1044 1031 1027 1026 1036 1045
2331 2330 2313 2278 2245 2203 2183 2160 2113 2106 2092 2065 2046 2034 2025 2009 1994 1983 1975 1964 1951 1936 1923 1906 1886 1875 1860 1845 1831 1819 1815 1811 1805 1798 1784 1772 1765 1757 1741 1710 1691 1677 1660 1638 1614 1601 1592 1581 1564 1526 1478 1433 1417 1411 1393 1377 1361 1351 1340 1328 1315 1307 1298 1291 1281 1270 1259 1253 1244 1221 1196 1174 1155 1130 1114 1098 1082 1072 1060 1045 1029 1021 1018 1014 1018
2333 2312 2298 2266 2229 2201 2188 2164 2123 2098 2084 2064 2047 2033 2022 2005 1993 1980 1968 1957 1948 1938 1925 1909 1888 1877 1864 1851 1842 1831 1830 1825 1812 1805 1797 1785 1772 1763 1753 1727 1708 1690 1673 1651 1626 1604 1596 1584 1566 1513 1464 1432 1419 1402 1389 1379 1365 1357 1347 1337 1328 1321 1309 1300 1295 1291 1278 1264 1250 1229 1201 1182 1160 1139 1117 1093 1080 1071 1061 1046 1032 1018 1012 1001 998
2315 2305 2290 2241 2214 2197 2184 2157 2121 2099 2081 2062 2044 2032 2020 2003 1990 1975 1964 1954 1947 1937 1925 1912 1899 1888 1875 1866 1859 1847 1841 1834 1822 1816 1815 1801 1785 1776 1763 1744 1717 1695 1673 1658 1629 1612 1601 1582 1542 1497 1463 1436 1412 1397 1389 1381 1370 1366 1361 1355 1346 1337 1327 1314 1310 1300 1284 1267 1251 1231 1205 1182 1164 1143 1116 1096 1083 1073 1064 1052 1040 1028 1011 998 991
2320 2304 2250 2232 2209 2190 2168 2144 2111 2091 2076 2060 2044 2032 2015 1996 1987 1977 1965 1958 1952 1942 1928 1916 1908 1901 1889 1878 1874 1859 1852 1844 1829 1827 1819 1806 1800 1785 1763 1738 1711 1690 1671 1656 1627 1611 1594 1576 1536 1500 1463 1443 1417 1402 1394 1387 1379 1374 1368 1363 1354 1346 1333 1321 1316 1303 1281 1264 1250 1232 1210 1185 1158 1137 1117 1100 1086 1074 1062 1048 1042 1031 1016 1006 991
2346 2328 2257 2224 2204 2181 2164 2129 2110 2093 2076 2061 2049 2025 2004 1992 1987 1980 1971 1965 1960 1942 1928 1920 1917 1917 1903 1891 1884 1875 1864 1853 1834 1829 1817 1815 1812 1792 1760 1730 1697 1676 1671 1647 1627 1612 1606 1571 1536 1495 1465 1438 1419 1409 1399 1392 1386 1379 1373 1365 1355 1347 1335 1325 1317 1300 1281 1263 1246 1229 1206 1180 1156 1140 1118 1102 1091 1080 1069 1056 1044 1032 1021 1009 998
2344 2321 2266 2236 2199 2176 2158 2128 2110 2093 2072 2057 2042 2021 2002 1993 1986 1982 1981 1974 1964 1948 1931 1927 1925 1925 1916 1902 1893 1880 1874 1855 1839 1827 1825 1822 1816 1790 1764 1724 1690 1670 1652 1634 1629 1613 1598 1570 1562 1509 1476 1440 1426 1417 1408 1400 1391 1386 1380 1370 1358 1351 1340 1330 1318 1299 1280 1262 1240 1224 1205 1180 1159 1142 1124 1106 1098 1089 1078 1065 1052 1039 1024 1014 1009
2308 2284 2258 2230 2201 2177 2148 2130 2113 2093 2071 2054 2042 2025 2012 1998 1986 1986 1986 1982 1968 1956 1949 1939 1935 1929 1917 1904 1894 1876 1867 1848 1832 1820 1823 1818 1810 1781 1755 1711 1682 1665 1648 1628 1620 1601 1573 1545 1526 1499 1478 1453 1436 1427 1418 1409 1401 1395 1388 1378 1367 1353 1345 1332 1321 1308 1296 1268 1242 1223 1205 1186 1168 1152 1134 1119 1106 1093 1083 1070 1057 1045 1032 1021 1014
2303 2280 2238 2222 2197 2173 2152 2133 2111 2092 2074 2062 2052 2037 2021 2008 2001 2000 1997 1995 1978 1963 1964 1952 1947 1932 1910 1896 1880 1864 1854 1839 1822 1806 1798 1793 1770 1750 1719 1685 1656 1647 1637 1617 1597 1574 1555 1535 1520 1498 1482 1467 1447 1439 1433 1423 1413 1406 1400 1389 1373 1359 1347 1337 1323 1316 1305 1287 1255 1229 1208 1189 1170 1155 1141 1126 1109 1091 1086 1074 1062 1051 1040 1028 1019
2299 2270 2236 2221 2201 2180 2157 2130 2104 2089 2078 2069 2058 2042 2030 2023 2018 2017 2012 2013 1994 1975 1966 1961 1949 1929 1899 1876 1859 1842 1832 1825 1806 1788 1773 1749 1727 1710 1685 1653 1630 1622 1617 1602 1582 1565 1551 1536 1519 1500 1490 1475 1463 1457 1449 1438 1424 1414 1408 1394 1375 1359 1346 1333 1325 1318 1308 1290 1263 1238 1216 1197 1178 1164 1150 1127 1109 1102 1092 1080 1067 1056 1047 1032 1023
2301 2282 2251 2232 2227 2186 2161 2131 2110 2100 2088 2069 2057 2047 2039 2034 2032 2028 2023 2032 2009 1977 1965 1955 1945 1917 1888 1862 1839 1821 1811 1805 1786 1774 1753 1726 1700 1684 1664 1638 1625 1612 1598 1581 1573 1562 1548 1531 1518 1507 1496 1484 1474 1468 1458 1439 1428 1424 1411 1395 1374 1357 1343 1332 1325 1321 1304 1286 1265 1245 1223 1204 1188 1174 1160 1144 1122 1114 1100 1087 1076 1067 1054 1040 1030
2298 2277 2263 2244 2220 2191 2164 2140 2119 2108 2097 2081 2066 2058 2056 2050 2045 2040 2043 2042 1988 1967 1958 1953 1945 1918 1883 1845 1827 1810 1801 1786 1769 1758 1741 1708 1690 1675 1657 1646 1631 1614 1598 1583 1569 1556 1544 1534 1522 1512 1501 1484 1474 1467 1459 1447 1437 1429 1414 1397 1380 1365 1351 1340 1332 1323 1310 1289 1268 1247 1228 1216 1200 1182 1166 1156 1148 1131 1108 1090 1082 1072 1059 1049 1043
2312 2295 2276 2252 2222 2192 2168 2149 2127 2110 2095 2081 2072 2069 2066 2062 2061 2064 2079 2062 1938 1943 1940 1948 1943 1907 1877 1851 1827 1815 1806 1790 1731 1720 1728 1708 1706 1681 1656 1647 1637 1627 1608 1582 1567 1553 1546 1535 1526 1518 1504 1485 1471 1465 1457 1451 1444 1431 1414 1402 1391 1375 1364 1352 1341 1331 1313 1295 1275 1256 1234 1221 1205 1184 1173 1163 1153 1138 1116 1097 1085 1079 1079 1072 1065
2323 2319 2287 2243 2219 2193 2177 2157 2134 2113 2097 2088 2084 2081 2073 2073 2072 2072 2076 2036 1934 1927 1927 1933 1923 1860 1844 1803 1789 1778 1761 1746 1714 1703 1695 1689 1687 1669 1658 1647 1642 1633 1614 1584 1570 1557 1545 1534 1526 1519 1510 1494 1476 1462 1451 1448 1446 1432 1419 1405 1390 1376 1363 1355 1348 1332 1314 1299 1280 1262 1241 1222 1204 1190 1178 1165 1147 1134 1120 1103 1092 1092 1091 1087 1086
2346 2323 2289 2266 2232 2195 2180 2163 2142 2124 2108 2100 2097 2092 2085 2081 2077 2067 2061 1978 1925 1946 1949 1916 1915 1860 1807 1793 1771 1765 1734 1722 1709 1700 1692 1683 1678 1667 1657 1649 1644 1634 1620 1593 1578 1563 1550 1537 1525 1518 1512 1498 1479 1456 1445 1443 1439 1429 1418 1403 1390 1380 1371 1360 1350 1336 1318 1301 1284 1265 1242 1225 1208 1194 1181 1163 1150 1143 1132 1122 1117 1113 1111 1101 1094
2336 2315 2297 2268 2226 2198 2180 2166 2149 2132 2119 2112 2104 2100 2091 2083 2073 2056 2009 1931 1918 1946 1937 1860 1848 1830 1804 1771 1754 1740 1731 1719 1708 1701 1694 1682 1673 1668 1661 1652 1645 1635 1621 1602 1588 1572 1558 1543 1531 1519 1508 1495 1477 1454 1441 1434 1426 1418 1411 1401 1390 1384 1375 1362 1348 1334 1317 1300 1283 1263 1244 1228 1211 1198 1186 1172 1160 1152 1145 1136 1128 1124 1120 1115 1102
2330 2306 2285 2260 2227 2199 2182 2167 2149 2136 2125 2109 2100 2096 2096 2079 2069 2048 2012 1981 1965 1932 1885 1862 1837 1820 1796 1763 1757 1740 1726 1713 1703 1697 1688 1679 1671 1668 1660 1651 1642 1633 1622 1611 1594 1577 1562 1551 1533 1519 1506 1493 1476 1454 1439 1426 1418 1409 1404 1395 1386 1381 1369 1353 1341 1332 1313 1294 1279 1264 1245 1228 1213 1205 1197 1183 1171 1161 1155 1148 1140 1137 1135 1136 1125
2322 2303 2291 2255 2227 2196 2178 2166 2148 2134 2122 2094 2087 2078 2085 2065 2061 2050 2033 1954 1943 1918 1864 1840 1826 1811 1786 1764 1745 1732 1721 1713 1702 1692 1684 1678 1674 1670 1659 1649 1642 1631 1619 1612 1597 1577 1565 1552 1535 1517 1505 1492 1475 1459 1440 1424 1414 1406 1398 1390 1380 1372 1360 1344 1333 1322 1308 1290 1271 1258 1242 1227 1215 1206 1196 1189 1177 1164 1158 1159 1150 1147 1145 1146 1142
2310 2300 2282 2267 2236 2203 2185 2168 2152 2136 2124 2108 2083 2057 2041 2025 2028 2000 1970 1952 1932 1883 1862 1842 1820 1806 1797 1770 1741 1726 1714 1707 1698 1689 1684 1679 1672 1665 1655 1648 1639 1628 1616 1607 1597 1581 1567 1556 1537 1518 1503 1489 1475 1459 1440 1422 1411 1404 1395 1383 1375 1364 1353 1337 1322 1311 1296 1278 1263 1250 1238 1224 1210 1200 1194 1189 1182 1172 1165 1164 1161 1156 1153 1153 1152
2314 2301 2283 2267 2240 2224 2205 2184 2164 2145 2132 2119 2099 2075 2053 2037 2020 1989 1956 1943 1911 1876 1868 1846 1829 1809 1797 1766 1736 1718 1707 1700 1692 1683 1677 1673 1666 1660 1654 1645 1634 1621 1614 1602 1591 1578 1565 1553 1539 1518 1499 1483 1470 1453 1438 1422 1410 1399 1388 1377 1369 1360 1347 1329 1312 1299 1288 1270 1258 1248 1234 1220 1211 1204 1197 1195 1192 1186 1181 1181 1177 1169 1167 1169 1170
2320 2304 2288 2272 2254 2246 2229 2205 2182 2162 2155 2134 2108 2090 2081 2055 2021 1987 1954 1939 1907 1883 1877 1856 1839 1816 1795 1769 1740 1719 1704 1694 1683 1674 1667 1662 1656 1652 1646 1634 1624 1615 1607 1598 1587 1573 1559 1548 1534 1511 1490 1476 1465 1447 1428 1415 1407 1396 1385 1376 1366 1352 1337 1320 1302 1288 1278 1268 1257 1247 1236 1227 1219 1215 1213 1211 1204 1204 1200 1197 1194 1192 1192 1192 1194
2322 2307 2297 2285 2273 2258 2237 2217 2198 2186 2173 2154 2129 2111 2085 2059 2049 2004 1968 1946 1928 1894 1882 1859 1843 1813 1778 1778 1749 1730 1712 1696 1681 1670 1663 1655 1646 1639 1632 1624 1617 1609 1599 1590 1580 1565 1551 1539 1523 1500 1483 1470 1457 1441 1425 1412 1403 1396 1388 1371 1359 1343 1327 1311 1289 1278 1272 1265 1256 1248 1240 1238 1232 1230 1230 1225 1220 1213 1212 1208 1208 1211 1219 1214 1213
2328 2318 2310 2298 2284 2271 2253 2234 2218 2201 2187 2172 2154 2129 2100 2067 2048 2015 1994 1970 1936 1913 1892 1875 1850 1834 1800 1785 1765 1741 1718 1699 1685 1673 1662 1650 1636 1627 1621 1615 1607 1597 1585 1575 1563 1553 1542 1530 1512 1492 1475 1463 1451 1439 1426 1411 1402 1396 1380 1362 1351 1335 1322 1303 1289 1280 1271 1264 1257 1253 1250 1251 1250 1246 1241 1234 1230 1222 1218 1218 1229 1230 1233 1228 1220
2340 2329 2319 2308 2297 2283 2267 2250 2232 2219 2200 2183 2165 2140 2111 2082 2044 2015 2009 1985 1955 1930 1889 1877 1843 1816 1800 1785 1767 1745 1722 1703 1689 1671 1661 1649 1634 1620 1614 1603 1592 1583 1571 1562 1553 1545 1532 1516 1500 1483 1469 1457 1448 1434 1423 1409 1399 1391 1370 1355 1345 1325 1316 1302 1290 1284 1271 1264 1261 1261 1262 1265 1261 1260 1251 1243 1240 1235 1231 1234 1240 1250 1251 1244 1245
2349 2331 2325 2317 2307 2290 2276 2261 2249 2239 2219 2202 2182 2150 2128 2101 2070 2039 2011 1992 1951 1921 1895 1885 1853 1821 1800 1782 1763 1745 1727 1710 1691 1671 1658 1649 1635 1623 1608 1589 1575 1565 1557 1549 1542 1532 1519 1503 1490 1479 1467 1456 1446 1434 1421 1410 1395 1380 1362 1354 1341 1324 1310 1298 1290 1283 1277 1275 1273 1275 1278 1279 1275 1272 1263 1251 1255 1252 1254 1255 1256 1265 1269 1273 1258
2358 2350 2339 2328 2317 2300 2286 2276 2262 2248 2234 2221 2185 2168 2145 2121 2084 2048 2021 1994 1973 1929 1901 1895 1872 1842 1815 1793 1771 1751 1736 1717 1697 1676 1660 1648 1637 1622 1605 1584 1566 1554 1546 1535 1527 1518 1508 1496 1484 1472 1464 1453 1442 1429 1420 1408 1391 1376 1362 1354 1342 1319 1311 1301 1298 1294 1290 1289 1290 1288 1293 1295 1297 1292 1282 1277 1277 1274 1275 1276 1276 1279 1278 1273 1257
2373 2368 2355 2335 2326 2314 2303 2293 2269 2253 2238 2226 2202 2181 2153 2125 2102 2065 2029 1986 1986 1956 1915 1903 1887 1861 1833 1808 1787 1764 1744 1723 1702 1686 1672 1656 1633 1616 1600 1585 1574 1556 1536 1524 1517 1508 1498 1488 1475 1465 1452 1444 1433 1424 1418 1407 1392 1384 1372 1358 1344 1331 1317 1310 1311 1313 1308 1308 1306 1304 1307 1311 1311 1304 1300 1296 1292 1285 1287 1292 1290 1287 1275 1257 1248
2381 2374 2360 2345 2333 2324 2318 2305 2289 2270 2246 2230 2208 2192 2159 2144 2104 2073 2025 1991 1986 1969 1946 1907 1890 1867 1838 1814 1796 1770 1742 1730 1718 1699 1680 1661 1637 1618 1603 1593 1583 1561 1534 1524 1512 1501 1490 1480 1472 1458 1444 1434 1426 1421 1415 1406 1397 1390 1380 1364 1351 1344 1333 1323 1324 1328 1327 1326 1325 1319 1321 1321 1320 1310 1307 1305 1297 1294 1297 1300 1298 1289 1269 1249 1244
2392 2383 2370 2357 2343 2333 2327 2315 2297 2287 2260 2242 2223 2203 2171 2138 2093 2067 2035 2004 1989 1981 1939 1916 1896 1878 1852 1821 1796 1775 1756 1738 1721 1701 1683 1670 1657 1636 1616 1602 1590 1571 1553 1533 1518 1501 1489 1480 1471 1462 1449 1437 1429 1425 1414 1405 1398 1388 1378 1368 1362 1351 1343 1336 1339 1337 1339 1339 1338 1331 1326 1328 1320 1309 1306 1310 1307 1305 1308 1311 1307 1296 1272 1253 1246
