SRTMGL1_28.169999999999998_84.83_28.3_85.01.asc
ncols        648
nrows        468
xllcorner    84.829861111146
yllcorner    28.170138888885
cellsize     0.000277777778
NODATA_value -32768
[rows 185 to 221 of 468, columns 255 to 339 of 648]
1863 1852 1843 1837 1834 1836 1829 1820 1812 1809 1808 1806 1802 1796 1789 1783 1779 1774 1770 1765 1756 1746 1741 1738 1737 1738 1740 1741 1742 1743 1745 1752 1755 1753 1760 1763 1773 1782 1789 1798 1806 1816 1825 1839 1849 1905 1904 1899 1894 1893 1895 1908 1923 1937 1950 1967 1980 1986 1986 1988 2036 2088 2101 2145 2159 2164 2169 2180 2193 2219 2253 2268 2287 2312 2333 2367 2413 2435 2450 2464 2481 2498 2513 2523 2533
1873 1861 1851 1849 1851 1850 1843 1832 1823 1818 1818 1821 1819 1813 1806 1799 1794 1788 1780 1773 1765 1756 1750 1749 1747 1746 1745 1746 1749 1751 1757 1769 1775 1775 1780 1778 1784 1790 1799 1806 1815 1827 1847 1867 1874 1909 1926 1916 1902 1904 1904 1911 1920 1932 1954 1973 1993 1993 1995 2013 2058 2083 2098 2134 2165 2170 2178 2187 2196 2214 2237 2260 2278 2298 2315 2326 2343 2402 2452 2465 2478 2494 2510 2526 2540
1878 1872 1869 1867 1865 1862 1852 1844 1838 1835 1834 1835 1836 1835 1829 1819 1809 1799 1792 1784 1777 1769 1765 1760 1756 1756 1756 1757 1758 1763 1771 1780 1786 1790 1791 1792 1795 1799 1807 1816 1823 1841 1865 1887 1899 1914 1928 1930 1927 1925 1922 1918 1915 1923 1942 1984 1997 1995 2001 2036 2056 2077 2093 2114 2149 2175 2188 2196 2201 2209 2224 2243 2259 2279 2297 2310 2326 2342 2381 2460 2474 2486 2500 2518 2534
1901 1889 1882 1882 1879 1872 1864 1860 1858 1856 1853 1852 1854 1848 1839 1831 1824 1818 1811 1802 1791 1784 1777 1772 1766 1769 1771 1772 1770 1776 1782 1788 1791 1795 1799 1803 1812 1816 1827 1830 1840 1854 1874 1897 1912 1929 1946 1956 1952 1947 1940 1928 1919 1926 1951 1984 1994 1981 2001 2041 2067 2081 2092 2111 2140 2166 2178 2188 2194 2201 2214 2225 2240 2259 2278 2300 2317 2329 2381 2429 2456 2484 2500 2513 2529
1916 1905 1898 1897 1893 1887 1880 1877 1875 1872 1868 1867 1863 1858 1849 1842 1835 1827 1821 1813 1805 1799 1796 1791 1785 1782 1784 1781 1782 1784 1790 1794 1795 1802 1810 1819 1829 1834 1840 1848 1859 1866 1879 1897 1919 1943 1967 1974 1971 1969 1960 1944 1942 1944 1952 1960 1977 1990 2021 2087 2085 2083 2092 2112 2133 2152 2167 2182 2185 2191 2203 2216 2228 2248 2270 2292 2308 2321 2364 2425 2455 2483 2502 2516 2533
1934 1921 1917 1917 1914 1906 1899 1895 1893 1892 1887 1881 1878 1870 1861 1853 1847 1838 1831 1825 1819 1815 1810 1806 1798 1793 1791 1791 1793 1795 1799 1804 1806 1810 1822 1832 1841 1851 1851 1862 1869 1880 1891 1913 1934 1960 1976 1982 1983 1984 1975 1966 1961 1963 1962 1969 1994 2024 2035 2041 2058 2071 2092 2114 2128 2139 2162 2174 2182 2190 2203 2209 2220 2241 2279 2292 2303 2317 2346 2376 2437 2486 2512 2522 2541
1944 1938 1936 1937 1932 1924 1916 1918 1921 1919 1908 1899 1892 1883 1873 1866 1861 1854 1844 1838 1828 1821 1817 1814 1808 1806 1805 1808 1807 1809 1811 1813 1818 1823 1830 1836 1848 1857 1862 1864 1875 1886 1903 1928 1960 1976 1986 1991 1993 1993 1987 1979 1975 1978 1986 1993 2000 2008 2019 2024 2036 2060 2086 2115 2126 2137 2157 2173 2189 2202 2210 2211 2217 2230 2271 2292 2303 2321 2343 2371 2403 2425 2494 2521 2532
1958 1954 1956 1957 1954 1943 1938 1936 1938 1933 1920 1910 1903 1896 1886 1880 1876 1868 1859 1849 1841 1833 1828 1824 1822 1821 1822 1821 1821 1820 1821 1822 1825 1831 1836 1843 1853 1862 1871 1877 1884 1896 1919 1942 1968 1988 1995 2001 2004 2001 1986 1977 1974 1977 1983 1992 2001 2006 2016 2024 2044 2072 2089 2110 2143 2163 2179 2190 2196 2208 2219 2233 2241 2246 2289 2287 2297 2314 2334 2362 2392 2410 2424 2446 2490
1977 1971 1970 1975 1973 1966 1958 1954 1953 1945 1934 1926 1919 1910 1902 1894 1886 1878 1870 1860 1853 1846 1840 1834 1832 1831 1829 1826 1826 1827 1828 1832 1835 1843 1845 1853 1865 1873 1884 1889 1900 1919 1941 1954 1972 1992 2006 2010 2016 2007 1990 1976 1972 1969 1969 1981 1998 2007 2021 2031 2044 2072 2092 2111 2134 2167 2186 2200 2216 2223 2235 2241 2244 2257 2269 2278 2288 2316 2340 2358 2379 2399 2420 2423 2449
2003 1997 1992 1993 1992 1983 1974 1971 1970 1965 1955 1942 1931 1925 1916 1907 1895 1884 1876 1868 1860 1853 1846 1843 1841 1840 1837 1836 1835 1835 1836 1840 1847 1854 1856 1864 1874 1883 1893 1900 1910 1930 1951 1962 1974 1991 2006 2013 2016 2012 1998 1985 1968 1959 1954 1973 1989 2003 2017 2038 2055 2075 2093 2113 2138 2169 2196 2210 2220 2231 2245 2253 2256 2261 2276 2296 2314 2330 2336 2365 2382 2400 2406 2417 2432
2021 2018 2015 2012 2007 2003 1997 1990 1986 1981 1974 1965 1959 1945 1931 1920 1906 1897 1888 1880 1871 1863 1860 1860 1857 1854 1851 1851 1849 1849 1848 1851 1857 1862 1868 1875 1883 1892 1899 1910 1918 1933 1948 1963 1974 1991 2004 2013 2018 2012 2004 1983 1959 1944 1951 1967 1985 1999 2021 2045 2065 2081 2097 2115 2133 2160 2186 2208 2224 2239 2250 2258 2263 2270 2287 2307 2324 2343 2357 2373 2387 2394 2401 2410 2417
2042 2042 2036 2028 2022 2019 2017 2010 2004 1998 1987 1979 1971 1961 1946 1934 1923 1913 1905 1895 1887 1879 1873 1869 1868 1868 1866 1866 1866 1865 1864 1863 1868 1872 1877 1884 1892 1901 1910 1916 1923 1932 1947 1961 1977 1991 2004 2013 2015 2011 1996 1971 1953 1947 1951 1963 1980 1998 2021 2056 2068 2083 2100 2118 2122 2142 2173 2202 2226 2238 2245 2250 2261 2274 2290 2311 2331 2346 2361 2371 2379 2385 2392 2400 2402
2067 2063 2055 2048 2045 2047 2041 2030 2022 2015 2004 1993 1986 1973 1961 1949 1936 1928 1917 1905 1900 1894 1886 1880 1880 1881 1879 1879 1881 1878 1877 1878 1882 1883 1888 1894 1900 1909 1923 1928 1932 1939 1952 1968 1982 1996 2007 2014 2013 2005 1992 1979 1961 1953 1941 1946 1963 1976 2009 2039 2058 2076 2093 2106 2115 2130 2159 2187 2215 2235 2241 2245 2259 2276 2288 2311 2328 2341 2354 2361 2366 2371 2377 2380 2388
2081 2078 2075 2070 2068 2066 2062 2052 2044 2036 2025 2017 2009 1998 1980 1964 1951 1940 1930 1920 1917 1914 1908 1902 1898 1896 1896 1894 1893 1891 1892 1894 1894 1896 1900 1911 1915 1923 1935 1942 1943 1950 1963 1975 1989 2003 2010 2016 2012 2006 1998 1985 1963 1945 1934 1939 1944 1957 1982 2015 2041 2058 2075 2092 2109 2121 2141 2170 2196 2220 2236 2246 2260 2281 2295 2306 2319 2329 2340 2346 2349 2352 2353 2357 2367
2106 2108 2107 2101 2093 2090 2080 2072 2065 2055 2041 2031 2023 2012 1998 1982 1967 1961 1950 1942 1937 1933 1929 1923 1919 1915 1912 1909 1906 1908 1910 1910 1913 1916 1919 1928 1932 1935 1944 1951 1958 1965 1973 1982 1993 2003 2016 2022 2020 2012 2000 1984 1968 1952 1944 1943 1943 1952 1972 2000 2020 2038 2059 2081 2101 2114 2125 2151 2174 2203 2231 2241 2257 2275 2288 2297 2306 2315 2321 2327 2325 2322 2322 2331 2347
2126 2124 2123 2119 2119 2112 2100 2089 2081 2070 2058 2049 2036 2024 2012 1998 1989 1979 1967 1957 1951 1947 1941 1935 1932 1932 1930 1925 1927 1927 1928 1928 1936 1939 1943 1940 1944 1949 1954 1961 1974 1979 1983 1988 1997 2007 2017 2026 2024 2016 2002 1987 1973 1962 1956 1953 1949 1954 1973 1996 2011 2029 2051 2070 2083 2096 2117 2141 2164 2190 2214 2229 2241 2260 2276 2286 2292 2297 2301 2302 2300 2301 2306 2315 2326
2140 2140 2138 2139 2138 2134 2122 2107 2094 2085 2076 2067 2057 2042 2028 2015 2003 1993 1980 1970 1963 1958 1953 1950 1949 1948 1944 1941 1941 1944 1948 1951 1954 1958 1959 1960 1962 1966 1970 1980 1986 1991 1994 2004 2011 2018 2026 2033 2034 2028 2015 2000 1990 1982 1975 1966 1959 1957 1966 1982 1998 2014 2033 2051 2061 2072 2095 2130 2150 2170 2194 2220 2238 2253 2267 2274 2275 2276 2278 2281 2285 2288 2294 2301 2307
2167 2167 2165 2161 2156 2150 2141 2130 2120 2107 2094 2083 2072 2062 2047 2026 2012 2000 1989 1980 1976 1970 1968 1970 1972 1969 1965 1960 1959 1958 1963 1969 1972 1975 1975 1980 1987 1990 1997 2005 2009 2011 2018 2022 2029 2031 2035 2040 2045 2039 2028 2020 2015 2005 1994 1985 1978 1972 1969 1970 1984 2003 2021 2035 2049 2064 2088 2112 2136 2160 2192 2214 2231 2246 2255 2263 2263 2260 2262 2267 2271 2271 2278 2283 2288
2188 2189 2186 2179 2171 2161 2154 2149 2141 2131 2117 2101 2088 2075 2060 2043 2029 2018 2003 1994 1991 1988 1984 1989 1989 1987 1984 1983 1978 1979 1986 1988 1993 1991 1994 2000 2006 2011 2018 2030 2034 2039 2040 2045 2046 2045 2047 2052 2054 2050 2042 2037 2032 2025 2012 2003 1995 1989 1982 1976 1984 1994 2017 2042 2051 2064 2086 2107 2125 2152 2183 2199 2217 2231 2242 2251 2250 2249 2248 2249 2254 2257 2262 2269 2274
2198 2207 2205 2198 2186 2177 2170 2163 2157 2150 2136 2120 2106 2093 2073 2056 2048 2039 2026 2016 2014 2009 2005 2002 2002 2001 2003 2008 2010 2010 2012 2013 2015 2017 2021 2020 2028 2036 2041 2048 2053 2056 2060 2063 2066 2069 2068 2069 2071 2074 2063 2053 2047 2039 2033 2024 2014 2008 2002 1994 1989 1992 2004 2028 2053 2071 2086 2099 2109 2123 2162 2186 2202 2217 2227 2231 2233 2230 2228 2234 2241 2246 2251 2258 2260
2200 2213 2215 2211 2204 2198 2191 2183 2176 2166 2152 2137 2122 2107 2090 2076 2064 2054 2044 2038 2031 2027 2025 2021 2021 2026 2031 2033 2032 2031 2032 2040 2039 2041 2045 2046 2052 2056 2063 2069 2073 2077 2079 2080 2080 2083 2086 2087 2092 2094 2090 2081 2074 2068 2059 2048 2036 2033 2028 2017 2008 2009 2010 2021 2044 2058 2073 2086 2087 2114 2143 2167 2190 2205 2213 2213 2210 2209 2212 2219 2226 2229 2230 2233 2234
2180 2201 2212 2214 2213 2213 2208 2201 2192 2179 2168 2154 2136 2119 2109 2097 2084 2074 2066 2058 2051 2047 2047 2044 2041 2045 2048 2050 2052 2051 2053 2057 2062 2072 2070 2070 2075 2080 2087 2089 2095 2099 2102 2100 2102 2107 2108 2110 2112 2116 2114 2107 2100 2093 2087 2073 2062 2059 2059 2043 2026 2019 2014 2017 2027 2044 2056 2075 2088 2106 2135 2160 2176 2184 2188 2191 2191 2190 2188 2199 2207 2209 2209 2208 2212
2161 2181 2202 2210 2221 2222 2220 2212 2203 2194 2185 2171 2147 2133 2122 2113 2101 2091 2082 2075 2071 2069 2066 2061 2056 2060 2065 2068 2073 2071 2070 2079 2092 2098 2094 2092 2097 2106 2112 2113 2115 2119 2122 2123 2124 2129 2133 2133 2134 2135 2130 2120 2114 2112 2107 2098 2091 2087 2075 2058 2038 2031 2023 2018 2018 2029 2044 2065 2081 2100 2122 2144 2159 2166 2168 2173 2178 2173 2170 2172 2178 2186 2191 2193 2199
2137 2164 2185 2197 2209 2218 2227 2227 2225 2217 2206 2190 2172 2153 2140 2127 2115 2107 2097 2091 2088 2086 2083 2080 2078 2079 2079 2085 2089 2088 2091 2103 2113 2112 2108 2109 2121 2128 2139 2141 2135 2142 2142 2141 2145 2152 2159 2157 2155 2154 2148 2139 2135 2134 2129 2120 2112 2102 2086 2068 2056 2043 2031 2019 2017 2019 2027 2045 2061 2083 2105 2117 2130 2139 2144 2151 2156 2155 2151 2150 2154 2158 2164 2177 2181
2122 2145 2166 2173 2187 2207 2224 2234 2235 2229 2218 2202 2187 2173 2157 2141 2132 2123 2114 2105 2104 2102 2098 2093 2094 2095 2096 2101 2107 2111 2114 2127 2132 2132 2132 2133 2147 2155 2160 2165 2163 2168 2168 2167 2173 2178 2181 2182 2180 2177 2172 2168 2164 2162 2154 2142 2130 2107 2090 2078 2068 2053 2036 2027 2023 2016 2017 2024 2042 2067 2083 2096 2106 2115 2122 2128 2130 2125 2129 2131 2134 2136 2139 2145 2151
2100 2118 2136 2151 2168 2188 2203 2223 2232 2234 2226 2214 2201 2186 2169 2160 2152 2143 2133 2124 2120 2117 2111 2112 2110 2108 2112 2116 2121 2134 2138 2149 2154 2161 2166 2173 2173 2178 2183 2183 2184 2186 2187 2189 2192 2197 2199 2200 2199 2196 2191 2187 2191 2190 2181 2166 2149 2128 2106 2089 2081 2068 2052 2048 2037 2028 2024 2022 2031 2041 2061 2079 2085 2091 2099 2105 2105 2107 2110 2115 2114 2114 2116 2119 2123
2078 2083 2104 2128 2148 2166 2186 2210 2229 2241 2236 2226 2217 2202 2188 2177 2171 2165 2154 2146 2141 2136 2133 2131 2128 2130 2128 2129 2138 2143 2157 2167 2177 2186 2194 2196 2197 2199 2204 2203 2202 2204 2203 2206 2213 2218 2222 2223 2220 2213 2211 2210 2210 2207 2191 2177 2164 2146 2123 2108 2098 2086 2075 2068 2059 2049 2040 2035 2035 2040 2049 2060 2071 2077 2083 2085 2088 2092 2100 2101 2101 2101 2105 2109 2111
2061 2071 2083 2103 2131 2159 2180 2208 2226 2236 2241 2237 2230 2222 2211 2199 2189 2180 2171 2166 2165 2161 2153 2155 2152 2154 2155 2162 2158 2164 2177 2189 2201 2208 2211 2212 2217 2222 2225 2225 2226 2225 2225 2228 2235 2239 2240 2241 2237 2233 2227 2227 2228 2218 2202 2188 2172 2153 2135 2123 2114 2101 2091 2086 2082 2073 2063 2055 2051 2050 2052 2060 2068 2075 2077 2078 2079 2088 2095 2099 2100 2102 2107 2111 2113
2046 2053 2067 2088 2115 2147 2179 2201 2210 2225 2240 2246 2246 2239 2230 2219 2208 2200 2191 2186 2184 2180 2182 2183 2183 2179 2182 2184 2184 2183 2202 2213 2224 2231 2231 2232 2239 2246 2244 2242 2242 2243 2246 2247 2250 2256 2258 2258 2257 2251 2247 2244 2240 2230 2214 2198 2182 2164 2149 2142 2133 2121 2110 2107 2099 2090 2079 2074 2071 2063 2043 2067 2081 2088 2086 2091 2096 2102 2105 2108 2110 2113 2117 2122 2124
2028 2037 2050 2073 2097 2116 2134 2173 2195 2210 2227 2242 2252 2250 2246 2236 2229 2222 2215 2209 2198 2194 2193 2198 2199 2202 2203 2208 2207 2208 2215 2233 2244 2247 2251 2254 2262 2262 2259 2260 2263 2264 2266 2269 2272 2276 2276 2273 2269 2269 2268 2262 2259 2242 2224 2209 2193 2181 2173 2165 2154 2147 2141 2132 2118 2108 2100 2091 2084 2087 2097 2106 2112 2117 2117 2115 2117 2116 2120 2122 2124 2127 2131 2132 2132
2009 2024 2037 2054 2073 2091 2111 2142 2170 2191 2207 2229 2248 2252 2254 2253 2251 2242 2237 2233 2229 2218 2211 2217 2222 2225 2228 2232 2234 2237 2243 2253 2257 2264 2267 2271 2275 2279 2282 2285 2288 2288 2289 2289 2290 2293 2294 2289 2289 2290 2286 2283 2271 2253 2234 2221 2209 2198 2190 2187 2176 2166 2161 2149 2139 2130 2122 2114 2111 2116 2127 2130 2134 2136 2134 2131 2130 2129 2132 2132 2136 2143 2149 2148 2148
1993 2007 2019 2029 2047 2076 2105 2129 2152 2176 2198 2217 2238 2250 2258 2263 2261 2257 2252 2249 2250 2245 2241 2241 2240 2249 2253 2257 2263 2269 2273 2275 2284 2296 2300 2293 2300 2303 2307 2307 2309 2311 2312 2314 2314 2313 2312 2314 2317 2307 2303 2297 2285 2265 2247 2231 2220 2214 2210 2204 2193 2190 2179 2167 2159 2149 2141 2132 2134 2159 2153 2151 2155 2154 2153 2152 2150 2148 2146 2147 2148 2156 2165 2170 2170
1974 1985 1998 2006 2023 2050 2080 2109 2136 2161 2170 2193 2218 2238 2255 2270 2272 2272 2270 2267 2266 2266 2271 2272 2271 2271 2275 2280 2279 2286 2296 2297 2307 2326 2326 2328 2329 2330 2332 2329 2331 2335 2340 2342 2343 2341 2334 2339 2337 2331 2324 2314 2300 2283 2261 2241 2235 2230 2225 2220 2215 2208 2200 2189 2183 2175 2165 2153 2184 2188 2179 2182 2180 2178 2174 2169 2169 2167 2165 2164 2165 2170 2179 2189 2188
1958 1971 1985 1998 2013 2030 2053 2076 2110 2130 2144 2161 2178 2197 2220 2248 2272 2295 2297 2295 2292 2291 2296 2298 2295 2290 2290 2289 2293 2299 2319 2322 2332 2344 2344 2347 2350 2350 2357 2360 2357 2353 2365 2373 2369 2362 2358 2358 2359 2346 2334 2321 2307 2293 2276 2262 2251 2244 2242 2240 2236 2229 2221 2214 2205 2194 2190 2213 2228 2214 2209 2209 2205 2200 2195 2189 2187 2186 2183 2179 2180 2188 2207 2209 2204
1946 1960 1973 1990 2006 2020 2033 2052 2080 2103 2117 2125 2140 2162 2195 2229 2263 2291 2307 2309 2311 2313 2314 2315 2312 2310 2310 2316 2324 2331 2338 2345 2354 2360 2366 2375 2378 2380 2386 2391 2386 2384 2389 2397 2395 2387 2379 2376 2370 2358 2344 2328 2317 2304 2289 2276 2270 2266 2262 2257 2257 2255 2251 2246 2238 2245 2253 2257 2242 2236 2237 2240 2237 2230 2222 2212 2206 2204 2200 2195 2203 2217 2225 2230 2233
1934 1953 1970 1986 1999 2010 2026 2043 2055 2081 2097 2106 2112 2138 2174 2206 2232 2257 2285 2301 2314 2325 2331 2334 2335 2335 2337 2342 2349 2359 2362 2369 2378 2384 2384 2395 2405 2405 2409 2410 2413 2414 2417 2416 2412 2404 2401 2394 2386 2375 2358 2344 2330 2316 2302 2295 2292 2289 2283 2282 2281 2280 2277 2278 2278 2273 2272 2268 2263 2258 2264 2261 2256 2252 2247 2240 2236 2230 2224 2246 2250 2248 2251 2256 2261
1929 1947 1966 1982 1996 2006 2016 2033 2054 2070 2084 2091 2102 2121 2141 2177 2204 2223 2245 2268 2305 2323 2340 2346 2350 2349 2349 2352 2370 2379 2383 2409 2413 2405 2401 2415 2429 2424 2426 2437 2437 2438 2439 2437 2427 2427 2424 2413 2396 2384 2373 2360 2345 2328 2315 2310 2313 2308 2304 2302 2298 2295 2292 2293 2296 2292 2289 2284 2282 2285 2284 2280 2275 2268 2261 2262 2269 2278 2276 2273 2274 2264 2275 2279 2275
