SRTMGL1_28.169999999999998_103.69_28.3_103.85000000000001.asc
ncols        576
nrows        468
xllcorner    103.689861111149
yllcorner    28.170138888885
cellsize     0.000277777778
NODATA_value -32768
[rows 400 to 439 of 468, columns 270 to 359 of 576]
1792 1802 1805 1801 1797 1796 1785 1776 1773 1760 1745 1716 1668 1636 1605 1565 1537 1518 1496 1474 1462 1453 1457 1457 1466 1482 1484 1484 1483 1478 1473 1473 1482 1499 1513 1516 1523 1529 1531 1537 1543 1546 1550 1562 1570 1570 1575 1567 1576 1578 1578 1567 1564 1555 1540 1528 1536 1545 1550 1559 1570 1575 1561 1567 1577 1581 1585 1468 1433 1432 1421 1406 1404 1411 1419 1421 1434 1444 1459 1467 1429 1363 1308 1309 1306 1297 1280 1281 1278 1260
1821 1826 1810 1813 1809 1802 1792 1790 1790 1775 1749 1699 1657 1638 1603 1559 1529 1507 1490 1476 1479 1487 1492 1499 1499 1499 1510 1517 1513 1508 1500 1498 1505 1520 1534 1545 1548 1555 1562 1566 1569 1574 1581 1588 1589 1592 1594 1599 1606 1611 1607 1598 1595 1589 1554 1552 1554 1558 1568 1583 1596 1596 1593 1593 1595 1604 1583 1461 1447 1436 1434 1429 1426 1434 1441 1453 1466 1477 1478 1480 1481 1382 1341 1333 1322 1308 1302 1310 1304 1296
1830 1841 1845 1833 1825 1813 1805 1801 1793 1770 1735 1676 1650 1630 1601 1564 1533 1518 1508 1511 1508 1517 1523 1525 1529 1533 1538 1540 1535 1524 1519 1518 1528 1539 1561 1570 1577 1585 1587 1588 1597 1601 1607 1611 1615 1616 1623 1635 1644 1644 1640 1632 1637 1630 1597 1575 1570 1572 1582 1600 1614 1618 1619 1613 1623 1621 1561 1476 1467 1455 1456 1451 1448 1464 1469 1476 1488 1496 1495 1491 1484 1391 1357 1355 1343 1330 1329 1355 1323 1311
1846 1843 1852 1846 1827 1822 1824 1811 1786 1744 1691 1663 1645 1624 1601 1564 1537 1533 1537 1539 1539 1540 1546 1557 1562 1560 1559 1553 1548 1544 1542 1551 1563 1578 1593 1606 1612 1615 1615 1624 1622 1626 1628 1633 1642 1652 1657 1671 1667 1671 1666 1662 1661 1654 1619 1603 1593 1591 1599 1617 1635 1644 1650 1641 1633 1590 1509 1480 1480 1483 1482 1477 1487 1497 1497 1500 1507 1509 1506 1486 1453 1404 1372 1374 1371 1367 1369 1381 1361 1345
1838 1843 1845 1841 1835 1820 1817 1806 1761 1723 1687 1660 1647 1624 1589 1574 1562 1558 1565 1564 1565 1568 1573 1589 1590 1586 1578 1563 1564 1568 1577 1593 1604 1614 1625 1634 1639 1642 1645 1642 1646 1649 1653 1655 1671 1681 1685 1686 1689 1689 1684 1678 1672 1649 1632 1624 1619 1622 1629 1643 1654 1665 1665 1659 1660 1583 1481 1491 1506 1510 1511 1511 1522 1527 1521 1521 1524 1518 1503 1478 1453 1414 1387 1389 1391 1396 1395 1409 1429 1391
1818 1829 1826 1833 1816 1810 1796 1774 1738 1719 1691 1668 1650 1626 1605 1591 1586 1592 1596 1594 1601 1600 1610 1614 1616 1612 1598 1591 1595 1595 1611 1621 1632 1640 1647 1661 1667 1665 1665 1666 1670 1672 1681 1690 1701 1710 1712 1713 1709 1708 1706 1698 1688 1672 1656 1654 1639 1643 1652 1659 1669 1676 1676 1671 1677 1686 1514 1531 1536 1540 1539 1543 1548 1552 1543 1537 1531 1518 1498 1481 1458 1441 1415 1408 1410 1422 1427 1437 1445 1447
1799 1803 1802 1803 1802 1798 1776 1761 1724 1711 1691 1673 1652 1633 1616 1608 1615 1620 1617 1620 1623 1625 1627 1629 1633 1631 1628 1625 1623 1623 1631 1643 1653 1661 1671 1686 1691 1696 1694 1694 1690 1693 1708 1710 1716 1736 1748 1744 1735 1736 1728 1720 1711 1699 1693 1681 1662 1663 1669 1677 1684 1690 1689 1686 1690 1579 1558 1559 1560 1564 1567 1572 1571 1568 1564 1548 1537 1513 1499 1492 1477 1461 1437 1425 1434 1449 1460 1461 1462 1463
1758 1776 1778 1776 1783 1785 1774 1751 1716 1709 1687 1674 1661 1651 1639 1646 1643 1646 1640 1642 1645 1643 1642 1647 1648 1648 1648 1644 1644 1644 1651 1667 1677 1683 1693 1710 1724 1729 1723 1723 1712 1716 1726 1728 1745 1763 1775 1772 1764 1758 1748 1741 1729 1720 1710 1700 1689 1689 1696 1697 1697 1699 1698 1698 1674 1588 1584 1581 1579 1585 1592 1596 1590 1584 1581 1567 1541 1519 1509 1506 1493 1467 1460 1454 1462 1479 1493 1491 1492 1490
1730 1754 1762 1769 1769 1771 1759 1740 1722 1688 1683 1681 1674 1673 1669 1671 1670 1669 1665 1668 1667 1663 1659 1664 1667 1669 1671 1671 1667 1665 1676 1694 1704 1708 1722 1744 1751 1750 1747 1745 1739 1742 1753 1759 1768 1780 1790 1789 1780 1775 1769 1763 1755 1733 1719 1716 1713 1715 1713 1712 1707 1706 1706 1689 1634 1608 1606 1601 1601 1606 1615 1611 1604 1598 1594 1574 1544 1532 1523 1516 1500 1488 1487 1479 1497 1515 1524 1522 1522 1530
1713 1733 1756 1763 1767 1766 1762 1746 1719 1707 1689 1689 1692 1693 1678 1688 1696 1693 1691 1690 1687 1680 1678 1685 1687 1689 1692 1690 1693 1697 1706 1724 1733 1739 1750 1767 1774 1772 1775 1772 1766 1765 1768 1772 1779 1791 1801 1804 1800 1800 1797 1790 1778 1744 1718 1733 1746 1740 1734 1727 1715 1712 1704 1676 1643 1626 1626 1628 1632 1633 1630 1627 1623 1610 1599 1575 1557 1544 1534 1515 1505 1504 1507 1520 1542 1546 1549 1545 1544 1541
1713 1726 1744 1757 1766 1769 1768 1756 1757 1756 1766 1732 1756 1744 1704 1721 1729 1727 1726 1712 1707 1703 1701 1702 1704 1706 1709 1713 1718 1719 1728 1741 1757 1764 1773 1782 1793 1801 1806 1803 1792 1796 1789 1790 1794 1803 1812 1815 1816 1816 1827 1823 1811 1790 1768 1786 1771 1762 1757 1746 1727 1716 1702 1674 1652 1650 1650 1658 1660 1658 1649 1642 1636 1616 1592 1570 1558 1548 1534 1510 1507 1515 1530 1557 1572 1584 1581 1582 1575 1595
1712 1725 1741 1755 1764 1775 1769 1780 1774 1777 1785 1785 1785 1787 1771 1757 1759 1757 1751 1739 1731 1724 1721 1722 1726 1728 1729 1734 1740 1741 1744 1761 1781 1796 1792 1803 1818 1833 1828 1823 1812 1820 1822 1825 1818 1825 1830 1841 1842 1846 1847 1851 1843 1839 1822 1798 1789 1782 1777 1763 1733 1717 1702 1679 1672 1671 1677 1684 1680 1670 1658 1647 1635 1614 1588 1567 1554 1543 1527 1514 1517 1542 1580 1587 1604 1612 1623 1624 1636 1564
1715 1724 1747 1768 1777 1768 1779 1796 1796 1806 1812 1813 1814 1814 1795 1770 1774 1774 1769 1761 1753 1747 1739 1743 1753 1752 1752 1758 1766 1768 1775 1791 1815 1830 1834 1841 1857 1861 1851 1843 1838 1842 1848 1851 1855 1852 1858 1872 1878 1874 1868 1870 1867 1867 1840 1819 1808 1801 1790 1766 1736 1716 1708 1702 1700 1703 1704 1707 1696 1684 1664 1645 1624 1606 1581 1559 1547 1537 1535 1540 1559 1593 1607 1616 1619 1631 1647 1651 1522 1468
1720 1739 1758 1791 1800 1808 1811 1812 1820 1836 1846 1846 1845 1845 1836 1803 1794 1789 1787 1779 1777 1771 1762 1767 1775 1777 1782 1788 1795 1804 1814 1820 1838 1854 1865 1880 1891 1892 1882 1865 1861 1864 1866 1874 1881 1884 1892 1902 1909 1900 1894 1891 1891 1888 1869 1839 1826 1811 1794 1769 1741 1727 1722 1721 1726 1727 1724 1715 1698 1680 1659 1631 1612 1597 1577 1561 1553 1548 1562 1574 1590 1607 1630 1640 1641 1655 1662 1664 1485 1469
1729 1739 1755 1773 1806 1827 1834 1841 1852 1867 1876 1876 1873 1870 1852 1818 1815 1811 1809 1807 1800 1794 1787 1793 1794 1801 1810 1822 1832 1843 1847 1852 1867 1882 1896 1914 1926 1928 1908 1886 1879 1885 1885 1893 1907 1911 1916 1925 1927 1922 1913 1909 1906 1903 1879 1855 1833 1813 1793 1765 1746 1747 1743 1749 1752 1745 1732 1712 1692 1667 1639 1621 1601 1588 1578 1574 1577 1586 1599 1603 1612 1634 1649 1654 1661 1669 1665 1629 1495 1487
1765 1770 1787 1803 1836 1851 1862 1874 1889 1905 1908 1903 1900 1887 1864 1844 1840 1834 1831 1825 1820 1816 1815 1814 1821 1830 1840 1856 1862 1866 1876 1884 1904 1914 1925 1940 1957 1953 1929 1906 1906 1904 1906 1911 1923 1930 1937 1946 1952 1946 1939 1931 1925 1913 1892 1868 1840 1810 1787 1771 1767 1768 1773 1770 1769 1751 1727 1703 1688 1657 1632 1616 1599 1595 1591 1596 1605 1619 1626 1628 1638 1652 1662 1664 1670 1673 1654 1635 1554 1509
1790 1801 1815 1833 1855 1874 1897 1904 1921 1931 1938 1932 1929 1918 1895 1874 1863 1859 1856 1856 1848 1842 1843 1844 1855 1862 1873 1878 1882 1890 1903 1922 1935 1938 1949 1966 1978 1966 1947 1939 1936 1939 1940 1939 1942 1952 1962 1973 1976 1971 1962 1952 1937 1919 1895 1875 1839 1812 1799 1796 1792 1790 1784 1772 1759 1739 1708 1691 1670 1645 1629 1617 1609 1611 1614 1620 1632 1642 1645 1647 1654 1668 1675 1680 1685 1677 1645 1621 1565 1520
1818 1830 1836 1855 1876 1893 1908 1922 1944 1961 1965 1957 1953 1947 1924 1913 1906 1892 1895 1888 1879 1872 1873 1871 1876 1890 1896 1899 1903 1919 1933 1949 1954 1960 1974 1991 1988 1977 1967 1963 1967 1973 1971 1967 1968 1974 1984 1992 1994 1989 1975 1959 1940 1922 1893 1872 1848 1827 1816 1812 1810 1806 1785 1766 1746 1721 1695 1678 1658 1642 1633 1625 1627 1628 1634 1642 1654 1660 1663 1668 1677 1683 1690 1693 1700 1685 1650 1610 1566 1528
1833 1843 1860 1881 1897 1921 1931 1949 1972 1981 1986 1985 1977 1966 1955 1954 1938 1927 1928 1916 1911 1905 1901 1897 1901 1912 1921 1920 1927 1944 1956 1969 1977 1993 2007 2016 2005 1997 1989 1987 1993 1993 1993 1991 1994 2002 2007 2012 2010 2000 1981 1962 1938 1908 1889 1875 1857 1844 1832 1825 1819 1803 1779 1757 1728 1702 1677 1663 1657 1651 1642 1641 1640 1645 1653 1662 1672 1682 1688 1697 1700 1702 1704 1704 1711 1700 1639 1585 1540 1525
1842 1855 1882 1903 1900 1935 1948 1972 1984 1994 2015 2010 2000 1989 1984 1979 1969 1956 1956 1947 1941 1931 1924 1922 1928 1935 1935 1936 1952 1967 1972 1984 2003 2023 2037 2041 2028 2018 2014 2010 2008 2015 2016 2018 2020 2033 2038 2034 2025 2007 1984 1967 1934 1910 1892 1872 1864 1856 1844 1836 1818 1789 1766 1735 1710 1686 1670 1664 1664 1660 1656 1649 1652 1665 1673 1677 1692 1707 1717 1726 1723 1727 1725 1724 1729 1721 1599 1559 1537 1528
1896 1900 1905 1911 1942 1960 1978 2004 2045 2043 2040 2035 2028 2019 2007 2000 1988 1984 1975 1970 1966 1957 1951 1948 1958 1960 1957 1960 1981 1989 1999 2006 2022 2037 2055 2061 2038 2032 2026 2027 2033 2041 2044 2045 2052 2056 2054 2046 2036 2013 1986 1968 1945 1914 1892 1872 1866 1855 1846 1830 1805 1774 1751 1719 1700 1688 1682 1677 1674 1673 1672 1668 1671 1681 1695 1703 1716 1728 1749 1758 1750 1751 1743 1740 1740 1696 1579 1567 1549 1539
1904 1912 1920 1942 1969 1978 1999 2038 2053 2058 2055 2054 2054 2046 2034 2025 2016 2005 1991 1987 1986 1980 1977 1980 1988 1995 1990 2002 2010 2015 2022 2030 2044 2054 2076 2076 2057 2051 2044 2044 2055 2061 2066 2068 2071 2068 2057 2043 2028 2005 1981 1962 1937 1913 1891 1871 1861 1846 1832 1816 1787 1761 1735 1710 1699 1696 1692 1690 1687 1684 1685 1688 1694 1702 1717 1732 1742 1756 1771 1778 1775 1766 1756 1745 1741 1661 1576 1568 1559 1550
1921 1927 1945 1966 1980 1997 2047 2063 2094 2079 2074 2069 2071 2064 2058 2050 2046 2025 2011 2006 2007 2002 2003 2006 2014 2016 2023 2031 2036 2035 2045 2061 2077 2086 2091 2088 2079 2076 2068 2068 2078 2083 2086 2088 2083 2071 2053 2034 2011 1988 1973 1950 1928 1909 1889 1867 1854 1832 1813 1798 1775 1753 1724 1708 1708 1707 1703 1701 1697 1700 1703 1716 1716 1730 1746 1757 1770 1782 1788 1790 1788 1784 1773 1770 1753 1677 1629 1567 1577 1558
1935 1946 1964 1986 1999 2037 2056 2087 2098 2092 2082 2082 2082 2083 2076 2072 2069 2055 2036 2041 2047 2039 2034 2046 2049 2048 2053 2056 2058 2061 2073 2096 2107 2107 2105 2096 2093 2091 2093 2100 2103 2101 2098 2097 2085 2069 2045 2022 1995 1979 1957 1935 1916 1897 1881 1856 1837 1812 1797 1778 1758 1740 1723 1721 1720 1719 1713 1714 1714 1725 1736 1749 1753 1757 1767 1782 1796 1803 1804 1805 1808 1802 1805 1813 1751 1700 1649 1618 1600 1578
1959 1968 1987 2005 2030 2040 2077 2091 2097 2108 2118 2118 2109 2105 2099 2091 2085 2077 2078 2082 2079 2078 2074 2075 2078 2078 2078 2085 2087 2086 2098 2116 2122 2122 2119 2112 2109 2115 2119 2128 2128 2116 2105 2093 2078 2053 2032 2006 1981 1959 1939 1921 1903 1889 1870 1845 1820 1799 1784 1762 1751 1734 1729 1732 1734 1734 1727 1727 1737 1754 1766 1778 1779 1780 1802 1813 1813 1818 1821 1825 1822 1821 1825 1832 1772 1717 1658 1629 1610 1591
1966 1984 2002 2021 2036 2060 2072 2070 2105 2119 2126 2132 2131 2130 2114 2108 2094 2099 2110 2114 2109 2101 2098 2103 2110 2110 2110 2112 2109 2109 2116 2133 2136 2134 2128 2134 2139 2139 2145 2141 2133 2114 2104 2081 2062 2042 2015 1989 1965 1947 1927 1908 1892 1878 1859 1833 1811 1788 1778 1766 1756 1746 1741 1746 1749 1747 1746 1758 1766 1778 1794 1804 1804 1825 1841 1844 1838 1839 1838 1841 1838 1841 1844 1846 1769 1725 1682 1653 1628 1613
1978 1995 2011 2036 2050 2076 2083 2103 2121 2126 2135 2141 2145 2142 2140 2138 2131 2133 2134 2139 2141 2132 2133 2137 2142 2140 2135 2131 2130 2132 2147 2158 2157 2152 2155 2157 2159 2158 2154 2143 2128 2103 2085 2068 2050 2027 1998 1976 1951 1938 1921 1899 1884 1869 1850 1834 1816 1793 1780 1772 1763 1760 1756 1760 1765 1764 1771 1786 1796 1809 1821 1821 1837 1865 1871 1871 1871 1868 1862 1857 1856 1861 1858 1855 1779 1735 1698 1670 1646 1630
1997 2017 2042 2046 2068 2086 2100 2117 2129 2139 2151 2161 2164 2166 2171 2167 2160 2160 2158 2161 2162 2163 2161 2161 2170 2168 2159 2156 2153 2164 2171 2181 2182 2177 2174 2174 2172 2170 2159 2143 2118 2092 2072 2056 2034 2010 1991 1967 1946 1930 1913 1891 1877 1864 1852 1840 1828 1798 1782 1778 1774 1770 1768 1774 1779 1787 1800 1811 1823 1829 1839 1846 1863 1880 1889 1896 1900 1899 1885 1878 1878 1877 1871 1837 1777 1743 1716 1693 1665 1634
2026 2040 2044 2073 2083 2117 2123 2132 2140 2151 2166 2177 2184 2185 2188 2185 2185 2185 2186 2185 2187 2187 2187 2190 2189 2185 2179 2176 2176 2184 2193 2203 2206 2201 2188 2186 2185 2181 2160 2141 2115 2087 2062 2044 2022 2002 1987 1961 1942 1923 1899 1886 1876 1861 1851 1837 1815 1793 1787 1785 1783 1785 1789 1790 1799 1807 1819 1828 1834 1845 1858 1864 1876 1891 1902 1910 1922 1920 1911 1909 1903 1895 1891 1855 1804 1774 1734 1713 1688 1656
2049 2084 2077 2095 2117 2135 2145 2152 2157 2173 2186 2194 2197 2200 2208 2216 2212 2213 2211 2212 2211 2215 2215 2211 2207 2198 2197 2197 2199 2206 2213 2217 2222 2215 2199 2195 2193 2177 2159 2139 2115 2087 2058 2038 2018 2001 1983 1960 1938 1914 1894 1884 1870 1856 1839 1819 1807 1797 1796 1796 1798 1808 1817 1816 1821 1824 1829 1840 1849 1863 1871 1879 1892 1904 1913 1925 1936 1945 1944 1939 1932 1924 1915 1928 1840 1789 1755 1725 1715 1697
2084 2114 2140 2138 2154 2159 2164 2167 2177 2187 2201 2211 2221 2227 2237 2246 2243 2237 2237 2236 2232 2229 2229 2230 2227 2225 2220 2222 2225 2229 2231 2231 2235 2227 2213 2203 2194 2178 2157 2130 2112 2085 2061 2048 2023 2000 1978 1950 1930 1912 1890 1877 1862 1848 1828 1807 1810 1805 1808 1812 1822 1835 1837 1839 1844 1847 1851 1859 1870 1880 1888 1899 1909 1919 1929 1941 1955 1963 1964 1966 1964 1956 1951 1912 1850 1809 1771 1756 1720 1710
2113 2127 2157 2177 2176 2179 2182 2189 2192 2206 2217 2234 2251 2257 2267 2271 2268 2261 2261 2261 2257 2252 2249 2247 2250 2249 2246 2243 2245 2251 2252 2249 2245 2234 2222 2207 2190 2174 2149 2124 2110 2087 2067 2049 2025 1992 1968 1945 1921 1903 1882 1867 1855 1839 1829 1825 1825 1823 1825 1832 1842 1848 1851 1857 1868 1871 1882 1890 1897 1904 1911 1919 1928 1939 1956 1963 1969 1976 1980 1984 1986 1978 1973 1937 1893 1849 1774 1755 1731 1706
2118 2129 2156 2184 2187 2197 2203 2209 2224 2231 2238 2252 2270 2279 2282 2289 2289 2291 2293 2291 2287 2283 2278 2273 2277 2275 2273 2265 2270 2270 2269 2263 2254 2240 2222 2204 2184 2165 2133 2122 2108 2085 2065 2039 2012 1987 1955 1934 1913 1897 1876 1863 1854 1849 1851 1853 1854 1854 1846 1848 1855 1858 1864 1878 1889 1897 1908 1912 1920 1931 1939 1945 1955 1969 1979 1984 1987 1992 1999 2004 2006 2000 1994 1992 1944 1876 1811 1779 1750 1714
2119 2128 2152 2182 2207 2213 2219 2234 2251 2259 2263 2274 2290 2299 2305 2311 2314 2318 2312 2308 2306 2304 2303 2297 2295 2297 2294 2294 2289 2286 2281 2275 2265 2242 2220 2198 2179 2155 2127 2122 2107 2080 2051 2026 2010 1974 1941 1926 1914 1898 1880 1870 1868 1871 1873 1880 1887 1877 1867 1864 1869 1872 1881 1893 1903 1910 1919 1925 1939 1949 1957 1968 1979 1988 1996 2001 2006 2012 2019 2023 2025 2017 2019 2037 1951 1907 1836 1796 1773 1747
2128 2146 2172 2197 2215 2226 2235 2251 2275 2276 2273 2278 2291 2310 2324 2328 2334 2335 2333 2329 2329 2329 2326 2317 2315 2316 2317 2315 2310 2301 2290 2287 2267 2236 2215 2191 2165 2147 2133 2124 2096 2072 2047 2023 1992 1955 1934 1926 1916 1905 1898 1889 1895 1894 1897 1898 1898 1894 1885 1881 1885 1890 1896 1907 1915 1925 1931 1941 1954 1964 1973 1984 1994 2004 2010 2017 2024 2032 2037 2038 2042 2047 2049 2031 2002 1947 1878 1817 1789 1768
2147 2153 2181 2208 2228 2239 2244 2265 2283 2293 2295 2301 2310 2324 2345 2349 2355 2361 2360 2356 2356 2354 2347 2339 2344 2350 2347 2343 2328 2306 2294 2286 2259 2230 2210 2184 2156 2145 2129 2109 2087 2067 2033 2011 1977 1949 1937 1928 1925 1918 1918 1914 1909 1910 1912 1909 1910 1908 1902 1900 1907 1913 1918 1928 1941 1946 1951 1958 1969 1978 1987 1997 2010 2020 2027 2032 2041 2049 2052 2054 2062 2066 2070 2050 2009 1965 1891 1838 1808 1787
2153 2195 2215 2224 2235 2246 2257 2269 2292 2311 2322 2330 2336 2349 2365 2376 2377 2380 2383 2386 2386 2377 2372 2370 2382 2376 2366 2359 2338 2315 2294 2265 2247 2216 2204 2179 2153 2140 2120 2097 2078 2052 2020 1996 1974 1960 1944 1937 1935 1937 1936 1929 1928 1928 1929 1928 1926 1928 1922 1924 1933 1935 1946 1956 1959 1966 1972 1978 1985 1992 2002 2013 2025 2035 2041 2046 2055 2064 2068 2070 2076 2083 2090 2095 2012 1995 1922 1868 1830 1802
2151 2176 2201 2218 2235 2255 2275 2295 2312 2327 2340 2353 2356 2363 2381 2391 2398 2406 2414 2418 2417 2407 2399 2398 2396 2388 2370 2363 2341 2313 2284 2259 2238 2214 2200 2174 2149 2134 2115 2085 2068 2040 2017 1997 1979 1965 1954 1948 1949 1950 1954 1953 1956 1952 1946 1940 1943 1944 1950 1958 1959 1964 1973 1978 1982 1989 1992 1999 2004 2009 2017 2029 2041 2048 2053 2060 2072 2077 2080 2089 2104 2109 2109 2114 2027 1994 1928 1904 1859 1815
2141 2167 2192 2215 2237 2262 2281 2300 2320 2333 2354 2363 2364 2377 2396 2411 2422 2426 2432 2436 2434 2425 2418 2409 2403 2390 2373 2355 2318 2308 2290 2269 2250 2214 2193 2170 2146 2121 2098 2077 2054 2032 2014 1998 1982 1973 1969 1972 1968 1973 1980 1984 1984 1972 1962 1958 1962 1970 1975 1979 1982 1993 2002 2007 2006 2011 2018 2023 2028 2029 2040 2053 2059 2066 2075 2084 2088 2093 2107 2120 2130 2139 2130 2130 2053 2001 1914 1899 1886 1845
2137 2159 2183 2205 2229 2252 2274 2295 2310 2327 2344 2354 2365 2383 2403 2417 2427 2433 2440 2444 2439 2434 2425 2411 2400 2389 2370 2346 2310 2300 2285 2265 2237 2214 2194 2168 2133 2108 2086 2065 2038 2028 2013 2001 1988 1991 1994 1997 1996 2001 2017 2015 2012 1998 1983 1985 1990 1989 1994 2005 2009 2026 2031 2033 2034 2046 2045 2045 2049 2055 2067 2073 2081 2089 2098 2102 2109 2120 2133 2141 2152 2156 2144 2131 2054 2007 1921 1903 1886 1872
