SRTMGL1_31.22_103.55_31.35_103.71000000000001.asc
ncols        576
nrows        468
xllcorner    103.549861111149
yllcorner    31.220138888885
cellsize     0.000277777778
NODATA_value -32768
[rows 38 to 75 of 468, columns 168 to 251 of 576]
3503 3482 3450 3431 3426 3424 3428 3431 3427 3427 3434 3432 3416 3419 3432 3448 3481 3506 3515 3497 3524 3545 3561 3582 3609 3632 3653 3673 3678 3669 3648 3632 3627 3617 3614 3609 3603 3600 3565 3559 3541 3507 3496 3475 3455 3446 3391 3374 3350 3342 3363 3374 3384 3390 3388 3400 3436 3453 3467 3474 3485 3492 3498 3490 3485 3443 3403 3392 3376 3371 3375 3379 3393 3403 3419 3436 3446 3459 3509 3548 3580 3609 3634 3663
3467 3450 3427 3412 3404 3406 3412 3412 3405 3405 3406 3396 3382 3387 3408 3411 3448 3467 3483 3499 3521 3541 3558 3581 3605 3627 3646 3662 3662 3649 3632 3621 3614 3603 3594 3589 3582 3577 3562 3555 3522 3506 3484 3461 3443 3396 3367 3346 3340 3346 3342 3356 3368 3374 3396 3404 3437 3455 3465 3470 3479 3487 3491 3490 3452 3410 3395 3359 3355 3365 3368 3370 3382 3399 3424 3442 3458 3475 3513 3549 3585 3613 3648 3680
3435 3420 3405 3387 3385 3389 3389 3383 3374 3371 3367 3360 3363 3374 3393 3411 3432 3464 3479 3494 3514 3534 3553 3574 3603 3625 3640 3653 3650 3642 3619 3607 3593 3570 3566 3560 3558 3549 3540 3534 3519 3491 3466 3440 3403 3369 3353 3337 3329 3338 3346 3350 3360 3380 3407 3422 3441 3457 3466 3464 3467 3476 3476 3441 3419 3398 3352 3354 3344 3354 3354 3374 3389 3410 3442 3468 3479 3502 3512 3575 3593 3614 3656 3687
3416 3397 3385 3376 3374 3369 3364 3350 3332 3321 3332 3342 3355 3367 3386 3405 3430 3457 3476 3490 3506 3527 3549 3574 3601 3620 3629 3634 3633 3615 3598 3588 3571 3554 3542 3540 3535 3529 3520 3527 3496 3468 3441 3407 3377 3357 3331 3336 3322 3325 3340 3366 3376 3398 3409 3424 3438 3446 3458 3453 3457 3454 3447 3426 3407 3383 3358 3345 3340 3350 3354 3374 3411 3432 3470 3498 3504 3511 3584 3590 3611 3638 3662 3682
3390 3374 3364 3365 3363 3351 3340 3321 3299 3302 3317 3338 3354 3368 3383 3406 3428 3449 3473 3487 3504 3522 3549 3574 3596 3613 3618 3622 3611 3593 3577 3564 3553 3542 3534 3528 3516 3508 3499 3486 3470 3440 3403 3386 3363 3337 3332 3329 3324 3331 3353 3370 3383 3395 3410 3420 3428 3440 3445 3423 3421 3427 3415 3406 3381 3367 3360 3339 3337 3347 3362 3390 3423 3449 3503 3509 3550 3579 3589 3608 3621 3637 3660 3692
3364 3353 3348 3351 3344 3330 3318 3296 3288 3293 3312 3333 3354 3367 3386 3408 3430 3449 3463 3483 3502 3521 3550 3572 3589 3601 3615 3611 3598 3581 3561 3546 3537 3524 3518 3507 3502 3484 3473 3476 3448 3426 3398 3376 3361 3335 3327 3326 3332 3343 3353 3366 3377 3398 3402 3410 3416 3416 3400 3376 3370 3380 3388 3384 3368 3350 3345 3346 3343 3357 3374 3400 3446 3482 3504 3553 3580 3588 3609 3618 3631 3637 3669 3701
3340 3334 3333 3338 3329 3307 3285 3271 3268 3280 3296 3319 3348 3368 3391 3412 3430 3450 3464 3483 3503 3520 3545 3567 3583 3590 3601 3601 3584 3568 3553 3535 3526 3510 3495 3484 3480 3464 3456 3436 3430 3411 3379 3368 3341 3342 3334 3334 3337 3350 3353 3369 3371 3385 3392 3397 3395 3392 3372 3366 3353 3352 3349 3367 3361 3353 3347 3344 3353 3369 3386 3436 3478 3503 3532 3569 3580 3625 3620 3629 3641 3661 3677 3706
3324 3322 3326 3325 3316 3288 3270 3255 3261 3275 3293 3307 3346 3369 3401 3417 3435 3450 3469 3490 3506 3520 3539 3561 3578 3586 3591 3588 3566 3554 3545 3529 3511 3499 3484 3472 3465 3445 3439 3422 3400 3392 3363 3349 3335 3327 3333 3338 3339 3348 3371 3374 3381 3387 3389 3388 3384 3381 3362 3358 3348 3342 3335 3340 3349 3355 3346 3353 3364 3378 3405 3459 3498 3526 3564 3582 3622 3623 3635 3647 3658 3668 3678 3718
3306 3313 3316 3312 3296 3279 3258 3250 3255 3286 3302 3324 3339 3371 3393 3421 3441 3451 3471 3493 3518 3529 3548 3565 3582 3590 3587 3569 3556 3543 3527 3513 3496 3485 3470 3457 3449 3426 3415 3405 3383 3368 3354 3334 3321 3324 3327 3343 3350 3369 3374 3381 3393 3395 3390 3383 3375 3375 3360 3356 3345 3340 3342 3346 3351 3355 3355 3359 3368 3405 3444 3485 3519 3553 3587 3610 3626 3632 3640 3654 3660 3674 3699 3713
3291 3295 3298 3295 3275 3257 3242 3237 3247 3275 3310 3324 3364 3375 3392 3413 3441 3462 3481 3508 3529 3551 3560 3577 3589 3590 3580 3568 3552 3531 3514 3487 3480 3467 3453 3446 3436 3413 3396 3380 3362 3358 3348 3336 3315 3311 3332 3340 3353 3362 3375 3381 3388 3385 3382 3382 3372 3370 3366 3357 3350 3352 3349 3352 3355 3355 3363 3363 3402 3443 3481 3516 3538 3582 3601 3621 3635 3639 3658 3665 3678 3693 3707 3747
3280 3275 3277 3268 3254 3233 3223 3231 3242 3263 3313 3350 3379 3386 3396 3401 3426 3472 3498 3517 3536 3555 3570 3582 3587 3577 3568 3555 3542 3525 3509 3481 3469 3448 3441 3437 3425 3404 3382 3361 3361 3350 3338 3327 3320 3317 3320 3331 3338 3351 3360 3375 3383 3386 3381 3386 3375 3372 3369 3366 3365 3372 3367 3365 3363 3367 3369 3385 3436 3469 3500 3538 3563 3599 3622 3635 3649 3659 3673 3690 3687 3708 3724 3752
3274 3259 3249 3244 3230 3214 3212 3223 3239 3272 3317 3354 3371 3389 3394 3396 3414 3449 3504 3517 3538 3555 3572 3577 3574 3557 3547 3538 3526 3517 3502 3479 3468 3444 3432 3428 3409 3395 3375 3350 3346 3338 3331 3321 3314 3310 3311 3315 3318 3327 3345 3346 3351 3369 3377 3380 3379 3373 3371 3373 3376 3384 3381 3379 3377 3378 3386 3394 3450 3486 3510 3546 3578 3598 3635 3647 3667 3682 3694 3710 3712 3716 3733 3757
3244 3245 3235 3230 3216 3201 3203 3213 3231 3295 3318 3331 3357 3378 3398 3396 3408 3436 3492 3509 3529 3549 3560 3562 3552 3540 3526 3519 3513 3508 3482 3465 3454 3442 3422 3412 3403 3383 3360 3343 3337 3329 3319 3312 3306 3300 3298 3300 3306 3310 3320 3327 3332 3342 3368 3374 3383 3381 3373 3369 3384 3388 3395 3397 3398 3386 3388 3406 3460 3490 3514 3535 3572 3634 3638 3662 3675 3692 3716 3714 3722 3724 3731 3760
3252 3240 3230 3221 3203 3191 3195 3207 3221 3293 3314 3344 3359 3368 3386 3390 3399 3430 3466 3496 3514 3535 3545 3543 3535 3523 3514 3500 3496 3485 3459 3453 3441 3426 3407 3391 3380 3364 3350 3338 3323 3316 3308 3302 3295 3290 3287 3288 3290 3295 3299 3320 3322 3332 3349 3370 3376 3378 3377 3379 3382 3396 3406 3410 3408 3399 3403 3415 3458 3481 3514 3540 3567 3634 3637 3660 3688 3695 3709 3715 3723 3729 3738 3750
3259 3241 3214 3196 3169 3170 3164 3186 3221 3286 3327 3361 3354 3359 3360 3379 3393 3431 3468 3485 3501 3515 3526 3526 3518 3505 3499 3488 3475 3450 3442 3442 3440 3414 3391 3373 3362 3348 3330 3328 3310 3302 3297 3289 3284 3280 3277 3275 3275 3280 3287 3291 3312 3322 3343 3360 3378 3376 3376 3379 3386 3405 3406 3410 3417 3415 3409 3415 3448 3485 3509 3547 3573 3596 3641 3656 3681 3698 3700 3710 3722 3728 3733 3744
3239 3218 3183 3122 3120 3146 3158 3185 3224 3279 3327 3358 3355 3352 3355 3366 3396 3428 3467 3479 3491 3500 3501 3502 3497 3485 3479 3474 3455 3436 3424 3424 3419 3398 3378 3361 3344 3331 3302 3284 3296 3288 3281 3278 3273 3269 3265 3263 3263 3266 3272 3283 3303 3312 3342 3358 3365 3371 3373 3372 3385 3398 3408 3408 3411 3411 3414 3422 3451 3478 3516 3532 3554 3586 3615 3650 3681 3692 3702 3702 3709 3720 3718 3728
3205 3192 3147 3098 3100 3135 3145 3173 3226 3279 3316 3349 3350 3356 3364 3376 3405 3419 3462 3479 3490 3495 3482 3480 3479 3471 3464 3454 3437 3426 3413 3402 3390 3389 3367 3340 3328 3309 3285 3285 3274 3273 3271 3265 3260 3257 3254 3253 3252 3254 3262 3277 3289 3325 3358 3361 3370 3370 3367 3377 3386 3399 3405 3402 3405 3406 3415 3425 3456 3473 3502 3525 3551 3587 3599 3647 3682 3692 3703 3703 3699 3702 3709 3715
3162 3144 3098 3082 3093 3103 3151 3158 3214 3280 3313 3329 3350 3364 3375 3377 3409 3432 3457 3485 3493 3486 3473 3467 3463 3454 3450 3434 3419 3410 3402 3388 3376 3355 3343 3329 3321 3292 3275 3272 3268 3258 3252 3251 3247 3244 3242 3241 3241 3243 3253 3263 3285 3304 3349 3367 3375 3367 3372 3386 3393 3400 3399 3392 3399 3403 3414 3428 3458 3476 3503 3530 3546 3559 3578 3636 3687 3701 3711 3710 3698 3695 3700 3700
3140 3121 3097 3076 3088 3103 3149 3183 3199 3250 3297 3325 3337 3362 3379 3392 3406 3435 3458 3476 3482 3475 3463 3448 3436 3433 3426 3414 3404 3395 3386 3376 3360 3334 3319 3313 3308 3283 3266 3250 3231 3241 3235 3233 3233 3232 3231 3230 3231 3236 3241 3254 3273 3298 3350 3361 3373 3368 3377 3391 3397 3401 3390 3386 3392 3401 3419 3430 3455 3479 3498 3515 3545 3544 3558 3634 3688 3705 3707 3707 3696 3692 3675 3676
3174 3124 3101 3076 3077 3094 3151 3177 3193 3243 3274 3301 3330 3354 3377 3397 3417 3433 3461 3464 3468 3464 3443 3429 3420 3413 3404 3392 3387 3378 3368 3358 3340 3321 3303 3293 3287 3270 3247 3234 3224 3206 3217 3211 3215 3216 3216 3218 3219 3224 3231 3246 3262 3291 3312 3363 3370 3377 3384 3391 3395 3393 3386 3391 3394 3403 3421 3432 3449 3474 3503 3513 3523 3538 3563 3614 3655 3682 3699 3693 3697 3668 3662 3659
3137 3133 3088 3103 3113 3135 3155 3178 3202 3206 3250 3284 3308 3335 3368 3384 3410 3430 3453 3456 3447 3446 3436 3419 3410 3398 3378 3370 3365 3355 3344 3335 3323 3311 3297 3277 3269 3250 3230 3219 3204 3189 3176 3192 3194 3200 3203 3205 3208 3213 3222 3234 3253 3274 3304 3323 3369 3380 3383 3383 3385 3384 3388 3394 3398 3414 3416 3434 3450 3471 3509 3514 3514 3523 3581 3626 3646 3661 3683 3682 3673 3663 3654 3653
3129 3120 3111 3113 3121 3141 3159 3180 3199 3201 3233 3260 3286 3315 3350 3382 3410 3430 3444 3445 3437 3427 3420 3401 3384 3367 3357 3349 3343 3335 3331 3315 3306 3306 3295 3282 3256 3242 3224 3207 3190 3171 3159 3176 3173 3180 3186 3192 3196 3203 3211 3224 3241 3260 3283 3313 3369 3372 3376 3387 3392 3391 3388 3397 3407 3413 3424 3432 3448 3472 3489 3515 3508 3531 3570 3603 3633 3646 3657 3666 3666 3659 3634 3639
3119 3113 3116 3118 3129 3142 3160 3180 3197 3212 3232 3257 3271 3292 3331 3377 3410 3427 3438 3441 3429 3415 3401 3383 3365 3354 3340 3329 3324 3328 3318 3296 3286 3271 3274 3255 3234 3219 3214 3200 3185 3166 3147 3129 3155 3164 3170 3177 3185 3192 3202 3213 3229 3248 3271 3305 3325 3375 3386 3392 3403 3419 3419 3413 3409 3422 3432 3438 3441 3463 3478 3486 3512 3527 3559 3601 3605 3630 3647 3653 3658 3638 3631 3630
3108 3106 3110 3117 3127 3141 3158 3172 3192 3212 3230 3249 3267 3304 3331 3371 3402 3422 3431 3426 3418 3410 3384 3369 3356 3330 3317 3309 3306 3302 3286 3268 3262 3250 3234 3212 3198 3194 3190 3180 3172 3157 3139 3115 3138 3145 3153 3162 3172 3182 3193 3203 3219 3237 3258 3287 3318 3376 3390 3401 3422 3430 3438 3431 3431 3440 3442 3443 3447 3455 3466 3475 3498 3517 3550 3582 3605 3607 3627 3628 3631 3630 3630 3628
3094 3095 3104 3111 3122 3136 3153 3170 3190 3207 3226 3246 3273 3302 3344 3371 3406 3417 3417 3402 3391 3376 3358 3351 3333 3306 3296 3292 3284 3270 3246 3245 3241 3238 3215 3193 3174 3163 3157 3155 3147 3135 3118 3108 3120 3128 3137 3148 3158 3170 3183 3196 3209 3228 3249 3274 3312 3333 3395 3401 3423 3437 3444 3447 3447 3452 3448 3448 3447 3461 3472 3477 3484 3504 3536 3580 3586 3599 3611 3611 3610 3619 3625 3628
3078 3085 3091 3101 3114 3130 3147 3165 3183 3201 3227 3252 3282 3315 3340 3371 3390 3403 3395 3384 3367 3349 3345 3336 3315 3289 3283 3276 3261 3245 3232 3221 3214 3213 3203 3181 3163 3148 3129 3136 3128 3111 3095 3094 3102 3104 3119 3133 3147 3159 3174 3187 3202 3219 3239 3262 3294 3323 3379 3395 3421 3440 3451 3456 3458 3457 3449 3447 3446 3455 3464 3475 3485 3500 3520 3544 3580 3587 3602 3600 3597 3606 3619 3627
3059 3066 3078 3089 3103 3119 3137 3156 3175 3197 3220 3250 3296 3325 3336 3364 3377 3383 3380 3370 3353 3338 3336 3325 3301 3278 3266 3255 3247 3226 3212 3197 3189 3183 3173 3159 3151 3136 3121 3119 3122 3093 3075 3068 3055 3082 3102 3118 3132 3150 3165 3179 3196 3212 3230 3252 3278 3312 3340 3389 3405 3436 3455 3453 3452 3449 3444 3440 3439 3440 3451 3457 3467 3489 3501 3524 3546 3571 3576 3579 3586 3594 3617 3627
3038 3047 3061 3074 3090 3106 3124 3144 3164 3186 3213 3245 3274 3324 3333 3350 3363 3368 3365 3355 3332 3320 3319 3308 3279 3259 3236 3229 3226 3211 3196 3176 3171 3155 3147 3135 3130 3123 3114 3107 3089 3071 3053 3041 3025 3063 3080 3100 3120 3137 3156 3171 3187 3204 3223 3243 3265 3294 3326 3355 3407 3430 3441 3444 3444 3434 3432 3431 3430 3412 3415 3438 3442 3465 3486 3495 3514 3539 3555 3570 3580 3594 3612 3627
3019 3028 3044 3058 3073 3091 3108 3129 3148 3172 3203 3237 3266 3294 3316 3332 3346 3349 3344 3330 3316 3304 3301 3285 3262 3236 3218 3211 3203 3188 3177 3170 3159 3138 3121 3108 3107 3106 3101 3084 3058 3046 3036 3019 3010 3045 3055 3082 3103 3123 3144 3162 3180 3198 3213 3233 3254 3279 3308 3341 3407 3424 3429 3431 3427 3420 3409 3413 3411 3397 3403 3413 3428 3437 3458 3473 3485 3511 3544 3560 3579 3597 3617 3637
3002 3014 3028 3042 3057 3075 3094 3111 3135 3156 3188 3218 3274 3279 3302 3313 3330 3333 3321 3308 3303 3296 3288 3273 3258 3238 3217 3202 3186 3169 3162 3158 3141 3108 3095 3083 3079 3080 3082 3064 3040 3028 3020 3012 3009 2993 3036 3061 3087 3111 3131 3153 3173 3190 3207 3225 3245 3268 3295 3326 3355 3409 3418 3415 3405 3409 3413 3412 3397 3392 3395 3398 3413 3434 3447 3457 3471 3493 3515 3544 3570 3610 3625 3639
2988 2999 3012 3025 3041 3056 3074 3095 3114 3137 3165 3218 3261 3287 3287 3302 3313 3311 3299 3293 3291 3288 3277 3267 3264 3243 3221 3198 3173 3160 3150 3134 3115 3096 3078 3062 3057 3061 3057 3043 3023 3015 3004 2998 2995 2974 3017 3037 3071 3096 3121 3144 3165 3184 3201 3218 3238 3257 3280 3309 3341 3386 3393 3396 3406 3406 3414 3415 3400 3400 3396 3403 3407 3416 3447 3460 3473 3490 3495 3528 3570 3604 3626 3634
2975 2986 2998 3010 3025 3040 3057 3075 3099 3121 3140 3162 3193 3222 3273 3291 3296 3288 3276 3276 3277 3271 3265 3262 3256 3241 3219 3197 3178 3147 3129 3115 3103 3081 3061 3049 3046 3039 3031 3013 3005 2993 2984 2978 2958 2961 2979 3024 3055 3086 3108 3135 3158 3180 3195 3213 3230 3249 3272 3295 3320 3342 3381 3389 3396 3403 3415 3421 3430 3408 3407 3404 3403 3423 3444 3452 3471 3493 3502 3532 3575 3601 3619 3643
2964 2971 2983 2994 3008 3024 3042 3057 3078 3096 3129 3144 3178 3211 3258 3273 3274 3265 3257 3253 3249 3251 3255 3245 3221 3219 3211 3200 3177 3132 3107 3105 3103 3084 3049 3039 3026 3013 2997 2981 2973 2966 2961 2958 2951 2955 2971 3002 3048 3073 3099 3126 3152 3173 3193 3211 3227 3246 3264 3284 3308 3333 3349 3382 3395 3401 3411 3428 3431 3433 3426 3405 3411 3427 3439 3450 3481 3496 3507 3538 3574 3607 3613 3641
2950 2958 2968 2981 2994 3010 3029 3046 3063 3077 3124 3143 3182 3209 3241 3248 3241 3241 3243 3236 3233 3235 3240 3224 3194 3192 3187 3181 3151 3118 3107 3100 3102 3084 3033 3027 3006 2989 2968 2951 2950 2944 2943 2945 2951 2960 2984 3019 3036 3052 3097 3120 3144 3169 3193 3210 3227 3243 3260 3280 3298 3320 3347 3383 3392 3404 3416 3425 3435 3441 3446 3426 3427 3435 3442 3452 3477 3492 3508 3538 3578 3588 3612 3644
2937 2946 2956 2968 2981 2999 3021 3036 3052 3061 3102 3148 3169 3226 3220 3202 3211 3214 3218 3214 3215 3219 3219 3206 3185 3178 3169 3140 3132 3123 3109 3097 3074 3048 3018 3014 2997 2973 2948 2934 2930 2926 2934 2944 2964 2978 3005 3032 3048 3066 3089 3103 3145 3166 3192 3214 3231 3245 3261 3276 3296 3316 3341 3360 3390 3402 3412 3429 3437 3451 3454 3448 3442 3444 3450 3452 3475 3492 3529 3535 3555 3578 3600 3613
2925 2934 2944 2958 2972 2991 3011 3035 3052 3066 3090 3125 3189 3196 3192 3185 3192 3194 3190 3186 3192 3196 3196 3189 3179 3167 3156 3140 3123 3110 3091 3060 3044 3018 3007 3002 2989 2959 2942 2922 2917 2920 2937 2963 2983 3007 3023 3038 3059 3081 3104 3116 3123 3173 3201 3222 3237 3252 3266 3280 3296 3314 3334 3357 3390 3399 3412 3420 3428 3430 3455 3460 3457 3458 3452 3459 3472 3488 3524 3526 3545 3574 3582 3607
2912 2921 2933 2947 2965 2985 3007 3023 3058 3072 3089 3107 3154 3163 3164 3173 3175 3166 3165 3164 3171 3177 3177 3172 3161 3146 3136 3125 3111 3088 3068 3055 3037 3009 3002 3000 2970 2937 2930 2912 2914 2929 2951 2978 2999 3020 3035 3055 3076 3094 3114 3121 3132 3190 3213 3234 3249 3261 3272 3284 3298 3311 3333 3352 3383 3392 3402 3411 3413 3430 3448 3455 3462 3461 3452 3457 3474 3487 3516 3527 3543 3567 3591 3603
2898 2909 2922 2939 2960 2984 3009 3036 3074 3083 3095 3090 3134 3121 3133 3138 3139 3137 3143 3151 3157 3159 3157 3139 3135 3128 3115 3102 3090 3066 3055 3051 3023 3002 2999 2965 2915 2916 2907 2908 2916 2933 2962 2993 3011 3025 3048 3074 3096 3114 3135 3155 3159 3206 3224 3246 3260 3272 3280 3286 3301 3311 3327 3347 3371 3386 3399 3407 3419 3433 3443 3466 3468 3470 3461 3467 3479 3505 3511 3543 3558 3570 3600 3613
