SRTMGL1_28.169999999999998_103.69_28.3_103.85000000000001.asc
ncols        576
nrows        468
xllcorner    103.689861111149
yllcorner    28.170138888885
cellsize     0.000277777778
NODATA_value -32768
[rows 40 to 79 of 468, columns 0 to 89 of 576]
1723 1715 1710 1705 1701 1698 1694 1686 1683 1680 1677 1680 1698 1709 1705 1708 1712 1719 1736 1745 1744 1744 1748 1759 1762 1770 1787 1804 1826 1841 1842 1840 1831 1821 1808 1804 1804 1808 1812 1813 1807 1793 1767 1746 1727 1734 1761 1798 1802 1805 1810 1813 1814 1832 1858 1872 1886 1911 1935 1939 1934 1934 1936 1951 1975 1988 1997 2009 2016 2027 2035 2042 2046 2052 2061 2073 2080 2078 2070 2054 2041 2037 2038 2037 2033 2003 1956 1945 1945 1948
1714 1709 1704 1701 1697 1694 1689 1683 1677 1673 1670 1674 1688 1695 1695 1694 1698 1697 1705 1715 1726 1734 1732 1736 1752 1775 1782 1792 1804 1812 1824 1828 1826 1819 1809 1802 1798 1803 1805 1803 1801 1789 1757 1732 1723 1729 1750 1766 1786 1797 1807 1811 1815 1824 1822 1860 1902 1915 1928 1942 1957 1958 1970 1989 2002 2011 2015 2019 2023 2031 2039 2045 2050 2056 2066 2074 2077 2071 2056 2042 2031 2027 2022 2017 2009 1979 1951 1940 1943 1946
1708 1703 1699 1697 1693 1688 1683 1677 1671 1665 1662 1666 1672 1674 1673 1672 1665 1672 1686 1695 1702 1712 1723 1730 1756 1772 1781 1784 1776 1783 1797 1811 1815 1811 1804 1794 1787 1793 1796 1794 1797 1786 1754 1731 1734 1731 1729 1746 1772 1785 1796 1806 1809 1814 1821 1832 1860 1896 1922 1934 1951 1962 1975 1991 2001 2013 2022 2026 2030 2036 2042 2049 2057 2062 2068 2071 2064 2054 2041 2030 2021 2014 2004 1992 1973 1957 1942 1936 1939 1942
1701 1696 1693 1690 1687 1682 1677 1671 1665 1658 1652 1651 1650 1651 1662 1660 1657 1659 1667 1681 1694 1702 1715 1729 1739 1754 1766 1768 1770 1774 1786 1796 1803 1804 1808 1799 1785 1784 1787 1784 1786 1769 1742 1722 1726 1727 1722 1742 1762 1781 1795 1800 1806 1813 1820 1835 1861 1893 1918 1925 1938 1956 1968 1983 1997 2010 2022 2027 2032 2039 2045 2053 2058 2065 2067 2064 2052 2036 2027 2018 2011 2000 1982 1966 1960 1950 1940 1934 1934 1933
1692 1689 1686 1683 1680 1676 1670 1665 1660 1655 1648 1641 1634 1640 1646 1651 1646 1645 1649 1662 1677 1707 1727 1731 1729 1731 1736 1746 1754 1763 1768 1775 1787 1801 1804 1782 1776 1767 1774 1776 1769 1753 1725 1709 1715 1718 1726 1749 1770 1777 1790 1800 1799 1809 1827 1847 1864 1886 1903 1916 1928 1945 1965 1991 2004 2011 2020 2028 2034 2043 2048 2053 2058 2062 2062 2056 2042 2026 2013 2005 1996 1982 1964 1947 1940 1933 1927 1924 1926 1926
1685 1682 1680 1678 1675 1671 1667 1663 1658 1652 1646 1634 1629 1632 1635 1634 1630 1627 1635 1653 1678 1704 1714 1712 1713 1715 1720 1722 1727 1731 1730 1747 1763 1781 1791 1768 1763 1759 1753 1744 1744 1731 1719 1707 1712 1712 1732 1742 1761 1773 1787 1799 1797 1808 1834 1853 1868 1883 1901 1906 1923 1941 1958 1986 2003 2016 2020 2031 2037 2042 2047 2052 2057 2059 2055 2045 2029 2011 2001 1992 1975 1961 1940 1923 1913 1905 1913 1915 1917 1923
1680 1678 1677 1672 1667 1665 1662 1657 1651 1647 1639 1629 1623 1622 1622 1623 1625 1627 1636 1653 1673 1680 1689 1695 1697 1700 1704 1703 1695 1699 1708 1718 1732 1738 1754 1751 1747 1734 1741 1736 1722 1708 1704 1698 1700 1710 1731 1741 1761 1773 1773 1776 1794 1837 1851 1867 1880 1894 1898 1917 1942 1950 1958 1971 1988 2003 2020 2029 2033 2039 2045 2050 2054 2055 2046 2026 2005 1995 1990 1975 1955 1927 1913 1906 1898 1899 1906 1912 1914 1917
1676 1674 1670 1665 1660 1656 1655 1652 1646 1637 1631 1623 1617 1613 1612 1612 1617 1625 1635 1648 1665 1674 1674 1675 1679 1684 1686 1682 1680 1682 1686 1691 1698 1699 1719 1728 1725 1725 1723 1703 1694 1695 1693 1691 1705 1710 1720 1752 1767 1775 1776 1774 1829 1853 1866 1894 1904 1916 1934 1956 1958 1958 1961 1973 1992 2006 2018 2025 2031 2037 2043 2048 2051 2048 2030 2012 1994 1982 1972 1954 1926 1905 1895 1894 1895 1896 1905 1909 1911 1911
1673 1669 1663 1657 1651 1649 1648 1645 1637 1628 1621 1612 1607 1604 1603 1603 1603 1605 1619 1633 1646 1659 1661 1663 1665 1668 1670 1670 1668 1666 1665 1666 1668 1667 1680 1690 1693 1697 1694 1685 1673 1671 1684 1690 1708 1713 1728 1759 1771 1777 1783 1813 1837 1848 1876 1905 1924 1923 1922 1954 1979 1975 1978 1988 1994 2001 2012 2021 2029 2035 2041 2047 2048 2037 2017 2001 1980 1968 1954 1934 1915 1896 1883 1882 1882 1885 1899 1904 1907 1906
1668 1664 1656 1649 1643 1637 1633 1630 1624 1616 1607 1597 1597 1596 1594 1595 1592 1590 1594 1615 1640 1652 1657 1659 1656 1655 1656 1658 1654 1653 1652 1650 1649 1649 1648 1655 1665 1677 1677 1668 1659 1672 1680 1691 1715 1725 1734 1748 1767 1774 1799 1833 1836 1856 1881 1910 1921 1932 1955 1984 1994 2003 2002 1996 1993 1996 2006 2017 2028 2035 2043 2044 2038 2022 2006 1984 1967 1954 1938 1919 1900 1885 1874 1869 1871 1875 1889 1897 1899 1900
1665 1658 1649 1641 1630 1620 1612 1608 1606 1601 1593 1590 1589 1587 1584 1584 1581 1576 1586 1607 1631 1649 1653 1650 1643 1635 1637 1642 1647 1647 1642 1636 1635 1640 1641 1644 1648 1656 1660 1652 1648 1667 1677 1679 1691 1719 1734 1751 1762 1766 1797 1823 1839 1854 1885 1897 1912 1931 1962 1986 2001 2010 2008 2005 2003 2003 2010 2021 2027 2034 2041 2037 2025 2013 1996 1976 1958 1945 1921 1903 1890 1875 1864 1862 1867 1873 1881 1886 1892 1894
1659 1651 1639 1625 1615 1604 1595 1591 1588 1583 1579 1578 1578 1574 1571 1570 1569 1575 1583 1597 1630 1635 1632 1633 1627 1619 1620 1628 1637 1637 1632 1626 1628 1635 1636 1633 1639 1643 1643 1641 1647 1656 1676 1682 1704 1721 1732 1756 1764 1767 1791 1820 1833 1855 1880 1901 1915 1938 1965 1989 2000 2004 2006 2007 2006 2008 2013 2018 2023 2029 2032 2022 2014 2009 1982 1960 1943 1925 1907 1892 1880 1867 1857 1860 1863 1868 1874 1878 1886 1892
1656 1650 1631 1618 1606 1596 1586 1582 1577 1570 1567 1565 1562 1558 1554 1557 1565 1575 1584 1607 1609 1601 1600 1599 1601 1605 1609 1621 1625 1627 1623 1621 1623 1627 1622 1631 1634 1637 1644 1648 1658 1670 1695 1705 1711 1736 1747 1753 1758 1766 1785 1803 1826 1848 1874 1900 1917 1932 1949 1963 1977 1989 1994 1996 1996 1999 2004 2010 2020 2021 2017 2010 2006 1995 1964 1945 1919 1905 1892 1880 1869 1856 1850 1853 1858 1862 1867 1874 1879 1881
1656 1648 1632 1615 1602 1591 1582 1572 1565 1560 1557 1553 1548 1544 1544 1548 1558 1568 1584 1598 1596 1593 1589 1583 1580 1585 1594 1599 1599 1609 1603 1596 1599 1611 1623 1625 1633 1638 1650 1664 1697 1698 1703 1718 1739 1748 1749 1760 1759 1763 1801 1825 1833 1841 1861 1891 1921 1927 1937 1951 1963 1971 1978 1984 1987 1991 1996 2004 2011 2013 2008 2000 1987 1973 1955 1933 1908 1893 1878 1867 1857 1846 1845 1847 1851 1857 1863 1868 1872 1871
1650 1644 1633 1617 1594 1587 1574 1562 1556 1550 1544 1541 1537 1535 1536 1541 1546 1555 1569 1585 1587 1585 1581 1576 1569 1564 1562 1563 1575 1586 1590 1575 1578 1590 1607 1619 1636 1646 1668 1695 1707 1711 1730 1744 1756 1772 1782 1781 1799 1809 1823 1849 1856 1859 1872 1896 1909 1919 1931 1948 1953 1960 1967 1973 1980 1983 1986 1991 1998 2000 2000 1988 1972 1956 1943 1924 1903 1890 1873 1855 1843 1840 1838 1842 1847 1854 1859 1863 1866 1866
1641 1635 1628 1612 1593 1580 1563 1554 1547 1539 1535 1531 1528 1527 1522 1525 1535 1543 1557 1563 1565 1573 1569 1560 1548 1545 1542 1540 1542 1557 1562 1560 1554 1576 1598 1612 1619 1645 1677 1705 1714 1726 1740 1759 1781 1798 1796 1805 1818 1827 1850 1858 1863 1873 1870 1882 1896 1914 1930 1939 1945 1949 1957 1963 1970 1974 1971 1977 1983 1987 1986 1974 1956 1941 1927 1912 1900 1888 1870 1850 1840 1836 1832 1836 1844 1851 1856 1859 1861 1860
1631 1627 1620 1601 1591 1576 1560 1548 1541 1533 1526 1520 1518 1513 1509 1512 1520 1528 1535 1542 1553 1562 1565 1550 1532 1526 1524 1524 1523 1528 1534 1532 1550 1554 1587 1614 1615 1643 1679 1710 1724 1733 1752 1774 1798 1810 1831 1830 1840 1853 1858 1857 1864 1869 1873 1880 1892 1907 1919 1929 1933 1944 1951 1955 1961 1961 1960 1960 1965 1968 1968 1957 1946 1931 1914 1908 1897 1883 1866 1850 1835 1829 1828 1832 1841 1850 1853 1854 1854 1853
1621 1619 1604 1588 1584 1578 1559 1547 1536 1525 1517 1511 1508 1504 1501 1502 1500 1502 1506 1514 1525 1543 1539 1522 1513 1512 1510 1508 1506 1505 1507 1521 1537 1550 1569 1587 1614 1655 1690 1723 1730 1747 1766 1789 1809 1833 1840 1845 1849 1852 1857 1861 1866 1870 1869 1875 1887 1901 1913 1919 1925 1933 1944 1950 1955 1957 1954 1954 1954 1955 1957 1953 1943 1925 1910 1905 1887 1870 1860 1843 1829 1826 1827 1831 1837 1845 1847 1847 1847 1847
1611 1601 1582 1572 1573 1570 1553 1544 1532 1518 1509 1504 1501 1499 1493 1485 1482 1480 1485 1494 1506 1512 1513 1510 1499 1498 1497 1494 1488 1488 1491 1510 1519 1545 1567 1581 1620 1650 1688 1723 1744 1766 1783 1795 1814 1829 1838 1843 1845 1851 1855 1858 1863 1865 1867 1875 1892 1902 1911 1918 1923 1932 1940 1946 1950 1952 1950 1950 1949 1947 1951 1948 1936 1920 1910 1896 1873 1858 1848 1836 1825 1824 1828 1832 1836 1840 1843 1844 1843 1842
1600 1580 1563 1561 1562 1559 1546 1540 1529 1507 1497 1491 1488 1484 1475 1468 1467 1467 1469 1478 1486 1492 1492 1486 1486 1487 1485 1480 1475 1473 1483 1502 1519 1547 1578 1588 1610 1641 1699 1721 1746 1768 1777 1788 1808 1827 1838 1836 1838 1839 1841 1844 1850 1857 1862 1872 1890 1904 1912 1921 1930 1937 1941 1941 1941 1942 1942 1944 1941 1939 1940 1933 1925 1914 1905 1889 1868 1844 1837 1825 1820 1822 1827 1834 1837 1839 1841 1840 1840 1839
1583 1565 1556 1554 1552 1541 1536 1526 1510 1493 1486 1478 1473 1468 1464 1460 1459 1456 1454 1452 1463 1473 1474 1476 1478 1475 1471 1466 1460 1459 1476 1492 1521 1546 1579 1595 1607 1643 1701 1722 1731 1762 1776 1789 1803 1815 1822 1825 1825 1825 1825 1830 1838 1849 1856 1870 1890 1908 1915 1923 1931 1939 1939 1937 1938 1943 1940 1938 1936 1931 1924 1919 1913 1903 1893 1884 1860 1824 1821 1817 1815 1821 1828 1833 1837 1839 1839 1837 1837 1839
1559 1545 1543 1545 1530 1522 1510 1500 1491 1479 1470 1466 1464 1461 1458 1455 1447 1441 1439 1439 1441 1447 1455 1461 1467 1463 1454 1452 1449 1456 1465 1493 1524 1553 1574 1595 1625 1654 1680 1699 1727 1761 1779 1791 1798 1800 1801 1808 1818 1818 1815 1819 1836 1844 1855 1876 1900 1913 1920 1923 1926 1931 1934 1933 1939 1942 1939 1937 1931 1923 1915 1911 1901 1892 1887 1879 1833 1812 1810 1811 1812 1819 1823 1829 1835 1839 1838 1834 1835 1837
1537 1527 1527 1523 1509 1500 1488 1478 1472 1460 1453 1453 1454 1452 1450 1444 1437 1430 1427 1428 1430 1434 1442 1448 1451 1445 1442 1444 1452 1459 1469 1490 1521 1552 1575 1596 1622 1654 1675 1700 1727 1753 1774 1782 1787 1789 1788 1795 1803 1809 1808 1813 1825 1840 1851 1874 1893 1907 1920 1922 1925 1928 1929 1935 1938 1936 1933 1929 1926 1919 1911 1909 1899 1887 1880 1870 1815 1806 1807 1809 1813 1816 1820 1825 1832 1839 1839 1833 1830 1831
1521 1516 1511 1499 1493 1482 1472 1463 1457 1447 1441 1442 1445 1444 1439 1435 1428 1423 1419 1417 1420 1428 1434 1440 1440 1439 1421 1443 1459 1467 1477 1488 1520 1548 1572 1591 1622 1650 1680 1696 1723 1749 1763 1771 1779 1782 1783 1784 1792 1799 1805 1810 1821 1834 1851 1869 1877 1893 1908 1919 1924 1924 1926 1929 1927 1923 1922 1921 1920 1917 1910 1907 1896 1887 1875 1859 1813 1807 1806 1807 1811 1816 1819 1821 1828 1835 1834 1829 1822 1820
1510 1502 1492 1483 1481 1473 1464 1457 1448 1439 1433 1434 1435 1433 1432 1428 1423 1418 1413 1411 1411 1415 1420 1423 1427 1442 1439 1467 1470 1472 1479 1514 1536 1564 1584 1593 1613 1648 1672 1692 1709 1754 1761 1765 1771 1778 1779 1781 1786 1793 1799 1803 1812 1825 1845 1858 1870 1884 1902 1910 1914 1917 1920 1921 1918 1916 1917 1916 1917 1910 1904 1899 1892 1885 1869 1838 1813 1803 1802 1803 1808 1812 1816 1817 1821 1825 1824 1819 1816 1814
1497 1484 1471 1472 1472 1464 1460 1454 1443 1431 1425 1421 1421 1423 1422 1421 1417 1412 1406 1403 1403 1404 1408 1413 1416 1436 1452 1473 1478 1476 1498 1532 1560 1564 1591 1605 1619 1623 1648 1670 1708 1759 1762 1762 1765 1772 1776 1779 1782 1785 1793 1803 1812 1818 1837 1857 1872 1891 1899 1904 1908 1909 1915 1917 1912 1911 1910 1908 1905 1902 1897 1891 1885 1873 1849 1816 1801 1797 1797 1799 1805 1809 1811 1812 1814 1815 1813 1813 1811 1809
1482 1468 1460 1459 1454 1452 1449 1441 1430 1420 1412 1410 1409 1410 1412 1413 1411 1403 1396 1394 1393 1393 1399 1405 1411 1435 1450 1463 1469 1480 1534 1556 1570 1572 1589 1602 1611 1620 1633 1666 1709 1727 1762 1762 1762 1765 1773 1777 1787 1797 1802 1806 1812 1818 1828 1847 1875 1893 1899 1903 1903 1906 1910 1912 1909 1907 1903 1898 1897 1895 1891 1885 1876 1853 1816 1797 1791 1792 1793 1797 1800 1804 1804 1804 1807 1809 1808 1807 1806 1804
1470 1456 1451 1445 1442 1439 1432 1426 1418 1409 1401 1399 1398 1400 1403 1404 1400 1394 1388 1386 1385 1385 1389 1390 1402 1421 1446 1463 1478 1508 1539 1566 1573 1579 1589 1602 1611 1618 1629 1655 1699 1717 1754 1758 1760 1761 1765 1771 1781 1796 1799 1801 1804 1809 1817 1834 1854 1872 1890 1897 1898 1902 1910 1911 1907 1904 1897 1892 1891 1889 1884 1878 1862 1833 1801 1787 1787 1790 1792 1795 1798 1799 1797 1798 1801 1803 1802 1798 1799 1798
1454 1442 1434 1429 1430 1427 1419 1413 1409 1403 1398 1391 1389 1389 1390 1391 1386 1384 1381 1382 1381 1380 1379 1379 1398 1426 1452 1468 1492 1520 1544 1563 1567 1572 1579 1589 1597 1606 1617 1633 1671 1709 1723 1752 1756 1757 1758 1762 1771 1781 1789 1790 1797 1803 1810 1828 1846 1860 1877 1892 1894 1902 1910 1910 1904 1901 1893 1888 1887 1885 1882 1870 1847 1817 1789 1784 1784 1788 1790 1792 1795 1796 1797 1795 1796 1796 1792 1792 1793 1794
1439 1427 1421 1419 1416 1411 1407 1402 1402 1401 1392 1386 1380 1377 1379 1379 1376 1371 1372 1374 1374 1375 1370 1367 1396 1426 1451 1474 1499 1521 1539 1556 1562 1570 1577 1586 1594 1602 1599 1611 1635 1672 1703 1742 1750 1750 1752 1756 1761 1769 1778 1783 1788 1798 1809 1816 1829 1852 1872 1883 1892 1901 1905 1900 1897 1895 1887 1884 1884 1884 1878 1861 1825 1794 1778 1777 1780 1784 1787 1790 1793 1795 1795 1794 1792 1788 1787 1788 1789 1791
1428 1422 1415 1408 1403 1400 1396 1395 1397 1396 1386 1373 1371 1371 1370 1370 1368 1366 1363 1364 1367 1366 1362 1358 1380 1412 1435 1468 1502 1523 1540 1551 1557 1565 1575 1585 1591 1589 1592 1599 1618 1649 1683 1728 1734 1742 1746 1747 1751 1756 1764 1775 1779 1792 1802 1809 1819 1839 1858 1874 1883 1889 1890 1887 1888 1887 1881 1877 1879 1878 1873 1850 1797 1775 1769 1771 1775 1779 1785 1788 1791 1792 1792 1791 1789 1785 1785 1785 1787 1788
1420 1415 1409 1402 1397 1392 1390 1390 1390 1387 1378 1368 1363 1363 1361 1360 1362 1359 1357 1357 1358 1358 1354 1350 1383 1403 1429 1461 1494 1518 1535 1544 1551 1559 1572 1579 1586 1593 1589 1591 1613 1639 1658 1708 1718 1731 1738 1739 1742 1748 1755 1765 1771 1777 1791 1802 1810 1821 1842 1870 1881 1884 1885 1881 1878 1877 1873 1872 1871 1869 1863 1847 1774 1768 1766 1768 1772 1777 1783 1786 1787 1788 1789 1790 1789 1787 1785 1786 1786 1787
1410 1406 1401 1394 1389 1386 1384 1382 1382 1377 1368 1361 1355 1352 1351 1353 1353 1353 1351 1349 1349 1349 1345 1342 1371 1411 1421 1463 1476 1496 1525 1535 1548 1555 1566 1573 1582 1592 1592 1586 1604 1623 1654 1689 1701 1713 1719 1724 1729 1735 1746 1756 1759 1763 1778 1794 1802 1814 1835 1855 1873 1883 1881 1877 1871 1869 1868 1868 1866 1856 1841 1827 1770 1763 1765 1768 1772 1776 1780 1783 1784 1785 1787 1787 1787 1786 1785 1785 1786 1785
1400 1396 1389 1385 1382 1379 1377 1375 1374 1369 1363 1355 1346 1342 1342 1346 1347 1345 1343 1343 1344 1339 1336 1334 1359 1383 1417 1442 1466 1476 1495 1522 1536 1548 1559 1566 1571 1576 1582 1578 1596 1610 1637 1656 1676 1691 1696 1708 1716 1725 1733 1741 1747 1757 1771 1785 1795 1810 1832 1848 1868 1873 1874 1872 1869 1868 1867 1863 1857 1841 1828 1797 1763 1758 1761 1766 1770 1774 1777 1779 1781 1783 1784 1785 1785 1785 1783 1784 1785 1783
1383 1381 1377 1375 1372 1373 1373 1372 1371 1368 1359 1351 1342 1337 1336 1335 1337 1338 1338 1339 1338 1333 1331 1328 1334 1369 1384 1415 1446 1471 1483 1493 1521 1539 1550 1543 1560 1557 1564 1573 1584 1600 1619 1633 1660 1671 1687 1700 1710 1719 1727 1735 1742 1751 1763 1779 1795 1808 1824 1844 1861 1866 1868 1869 1868 1868 1858 1850 1843 1825 1802 1766 1757 1754 1755 1760 1766 1771 1773 1774 1776 1777 1779 1782 1784 1783 1781 1781 1780 1779
1369 1369 1368 1365 1366 1369 1370 1368 1367 1363 1357 1349 1339 1333 1326 1325 1326 1329 1332 1334 1331 1325 1322 1318 1322 1332 1354 1381 1421 1447 1465 1473 1489 1511 1519 1526 1538 1549 1556 1567 1579 1594 1605 1611 1633 1661 1676 1690 1703 1719 1735 1742 1744 1754 1764 1781 1802 1810 1821 1844 1855 1860 1864 1865 1863 1856 1845 1837 1824 1805 1776 1752 1750 1749 1752 1755 1761 1765 1766 1768 1769 1769 1772 1778 1780 1780 1780 1779 1777 1776
1355 1356 1357 1358 1360 1364 1364 1363 1360 1357 1348 1341 1333 1323 1318 1317 1318 1320 1323 1324 1322 1317 1312 1308 1302 1317 1334 1357 1395 1417 1436 1452 1465 1472 1487 1498 1511 1530 1543 1564 1579 1592 1606 1617 1642 1652 1661 1679 1708 1743 1755 1753 1757 1766 1769 1786 1802 1812 1823 1839 1852 1857 1860 1861 1856 1844 1834 1817 1801 1781 1754 1744 1740 1746 1750 1755 1759 1760 1762 1764 1764 1762 1767 1771 1775 1778 1777 1777 1777 1775
1339 1341 1347 1351 1353 1354 1355 1352 1348 1341 1334 1327 1321 1314 1312 1312 1311 1312 1312 1312 1313 1310 1304 1300 1296 1310 1320 1349 1370 1400 1404 1417 1431 1454 1470 1483 1493 1505 1527 1560 1582 1592 1609 1629 1649 1667 1680 1692 1723 1752 1762 1764 1786 1778 1779 1789 1807 1817 1831 1844 1852 1854 1857 1852 1846 1836 1820 1799 1779 1757 1743 1731 1731 1739 1748 1753 1757 1758 1760 1762 1761 1761 1762 1766 1770 1773 1772 1772 1773 1774
1327 1330 1336 1339 1342 1343 1344 1341 1336 1331 1325 1318 1311 1305 1304 1304 1305 1305 1306 1307 1307 1303 1297 1296 1296 1308 1314 1331 1355 1374 1390 1402 1417 1434 1451 1485 1494 1510 1534 1560 1584 1598 1620 1622 1658 1677 1697 1713 1753 1751 1752 1802 1813 1810 1807 1806 1819 1830 1837 1842 1845 1844 1842 1836 1830 1819 1804 1790 1764 1742 1730 1726 1730 1736 1742 1749 1754 1755 1756 1758 1759 1759 1760 1763 1767 1769 1768 1767 1768 1770
1312 1316 1323 1329 1332 1333 1333 1330 1326 1321 1317 1309 1301 1297 1296 1298 1296 1296 1299 1302 1304 1301 1295 1287 1288 1296 1314 1326 1348 1356 1370 1385 1404 1423 1440 1485 1493 1506 1532 1565 1600 1612 1629 1637 1654 1693 1718 1728 1748 1754 1743 1747 1802 1828 1824 1823 1821 1827 1831 1832 1831 1826 1822 1812 1803 1795 1789 1776 1749 1734 1726 1724 1731 1736 1738 1746 1750 1753 1752 1753 1754 1754 1755 1758 1760 1761 1761 1762 1763 1764
