SRTMGL1_31.22_103.55_31.35_103.71000000000001.asc
ncols        576
nrows        468
xllcorner    103.549861111149
yllcorner    31.220138888885
cellsize     0.000277777778
NODATA_value -32768
[rows 152 to 189 of 468, columns 84 to 167 of 576]
3595 3585 3575 3570 3561 3550 3540 3525 3507 3489 3481 3450 3422 3410 3387 3363 3339 3324 3301 3287 3275 3261 3236 3209 3180 3160 3153 3133 3115 3101 3052 3023 2999 2975 2956 2930 2918 2904 2895 2892 2880 2862 2831 2803 2813 2830 2836 2862 2863 2847 2824 2821 2806 2802 2792 2775 2775 2777 2783 2778 2764 2747 2746 2753 2735 2710 2703 2706 2700 2672 2672 2680 2694 2708 2721 2730 2740 2735 2723 2712 2701 2684 2662 2638
3580 3569 3559 3551 3545 3538 3529 3522 3509 3498 3474 3446 3424 3409 3390 3366 3342 3321 3300 3289 3275 3259 3230 3201 3177 3158 3147 3127 3115 3104 3060 3020 2997 2986 2951 2935 2918 2906 2899 2895 2888 2882 2830 2813 2814 2829 2830 2829 2828 2825 2815 2810 2801 2789 2783 2774 2766 2772 2775 2761 2748 2734 2724 2729 2716 2694 2678 2682 2677 2656 2647 2656 2672 2693 2706 2717 2721 2721 2712 2699 2683 2666 2640 2621
3560 3554 3544 3535 3525 3516 3511 3509 3503 3489 3466 3444 3427 3415 3394 3363 3347 3320 3299 3288 3272 3251 3229 3201 3172 3160 3151 3128 3113 3100 3066 3035 3020 3008 2977 2955 2935 2919 2911 2914 2907 2897 2876 2837 2834 2830 2832 2828 2824 2817 2810 2801 2793 2783 2774 2766 2759 2754 2750 2756 2745 2727 2714 2714 2692 2671 2655 2658 2660 2641 2633 2633 2653 2677 2695 2703 2703 2700 2693 2674 2653 2635 2618 2608
3545 3538 3530 3517 3505 3497 3492 3490 3484 3471 3454 3440 3426 3414 3389 3366 3352 3322 3304 3286 3267 3246 3221 3198 3175 3166 3157 3129 3115 3080 3066 3042 3033 3014 2993 2969 2954 2939 2944 2948 2951 2904 2887 2864 2853 2841 2829 2830 2823 2817 2807 2799 2789 2780 2770 2761 2753 2746 2740 2730 2717 2709 2698 2685 2677 2650 2643 2644 2645 2630 2618 2620 2638 2660 2670 2679 2683 2679 2670 2655 2633 2613 2599 2584
3531 3520 3508 3496 3485 3482 3476 3468 3464 3457 3446 3431 3418 3403 3378 3362 3349 3331 3309 3287 3268 3256 3226 3204 3186 3176 3164 3149 3129 3103 3085 3071 3046 3027 3008 2983 2978 2974 2971 2974 2975 2947 2888 2877 2871 2856 2841 2848 2832 2823 2813 2803 2790 2779 2769 2759 2749 2736 2725 2715 2705 2692 2680 2670 2657 2646 2637 2636 2633 2621 2602 2615 2627 2640 2646 2652 2654 2653 2656 2644 2621 2600 2579 2561
3515 3499 3486 3477 3473 3467 3457 3451 3448 3441 3429 3417 3406 3388 3365 3356 3349 3327 3309 3293 3279 3268 3255 3214 3196 3181 3173 3160 3142 3126 3112 3083 3054 3039 3023 3010 3002 2992 2991 2992 2979 2960 2911 2909 2892 2880 2866 2852 2840 2832 2818 2805 2791 2780 2767 2759 2746 2733 2720 2706 2692 2679 2667 2655 2643 2634 2623 2616 2609 2602 2588 2600 2615 2626 2623 2621 2626 2632 2641 2631 2607 2582 2557 2546
3496 3481 3473 3463 3455 3446 3441 3435 3426 3418 3410 3401 3388 3374 3361 3344 3328 3316 3301 3288 3281 3272 3259 3233 3196 3190 3183 3171 3156 3139 3117 3100 3065 3056 3037 3027 3018 3019 3013 3005 2983 2954 2943 2930 2911 2898 2888 2873 2862 2855 2830 2813 2790 2778 2767 2755 2745 2733 2716 2700 2682 2667 2654 2643 2632 2621 2611 2604 2596 2592 2591 2590 2599 2602 2599 2601 2607 2614 2625 2613 2590 2566 2548 2532
3480 3470 3457 3444 3436 3428 3424 3418 3407 3399 3395 3385 3370 3359 3340 3324 3312 3301 3287 3278 3270 3264 3257 3241 3213 3199 3191 3178 3161 3147 3123 3104 3090 3075 3060 3040 3038 3037 3032 3024 2985 2965 2950 2945 2922 2906 2902 2892 2882 2875 2824 2801 2776 2761 2767 2757 2745 2732 2713 2691 2673 2655 2642 2634 2622 2610 2600 2590 2583 2580 2580 2581 2583 2592 2587 2587 2593 2599 2609 2602 2580 2557 2537 2515
3472 3457 3442 3432 3421 3411 3405 3398 3389 3386 3377 3361 3349 3332 3319 3305 3297 3286 3271 3263 3261 3258 3250 3242 3217 3205 3193 3179 3158 3143 3126 3105 3095 3082 3070 3048 3048 3044 3039 3033 3009 2985 2965 2958 2947 2926 2919 2906 2894 2891 2876 2815 2790 2760 2754 2746 2733 2727 2727 2680 2641 2636 2629 2622 2613 2604 2582 2565 2573 2572 2569 2573 2578 2598 2588 2583 2578 2584 2596 2583 2565 2548 2526 2501
3466 3448 3435 3422 3408 3399 3390 3381 3371 3359 3356 3341 3329 3315 3299 3287 3280 3272 3255 3249 3247 3243 3234 3220 3208 3196 3185 3168 3151 3139 3123 3105 3089 3076 3062 3055 3044 3038 3033 3027 3009 2995 2983 2972 2963 2953 2932 2919 2913 2901 2891 2884 2852 2775 2783 2778 2769 2753 2758 2690 2647 2642 2633 2619 2605 2594 2575 2558 2547 2562 2562 2564 2569 2574 2597 2578 2568 2572 2592 2561 2551 2536 2514 2486
3457 3439 3424 3412 3398 3381 3372 3364 3345 3331 3325 3322 3307 3290 3277 3270 3262 3254 3240 3233 3229 3223 3213 3198 3191 3184 3171 3154 3141 3132 3117 3098 3080 3063 3054 3045 3032 3025 3018 3006 2996 2988 2978 2970 2958 2948 2934 2929 2921 2911 2903 2891 2847 2815 2808 2809 2796 2787 2786 2679 2657 2655 2637 2612 2596 2590 2577 2559 2543 2537 2558 2559 2562 2565 2566 2578 2562 2563 2576 2550 2539 2524 2500 2473
3442 3428 3415 3404 3389 3369 3355 3346 3329 3320 3314 3301 3283 3272 3265 3255 3246 3237 3228 3214 3210 3204 3196 3184 3177 3170 3157 3142 3132 3122 3107 3089 3070 3056 3046 3034 3021 3013 2998 2988 2982 2975 2965 2955 2944 2932 2924 2918 2911 2904 2889 2859 2834 2828 2833 2830 2820 2806 2811 2666 2670 2669 2649 2613 2615 2588 2567 2560 2556 2553 2547 2555 2551 2551 2553 2571 2557 2564 2562 2536 2521 2512 2489 2463
3444 3424 3409 3398 3385 3365 3348 3331 3323 3314 3302 3285 3272 3262 3252 3238 3228 3219 3203 3194 3190 3185 3177 3167 3162 3155 3143 3132 3120 3107 3094 3078 3064 3047 3036 3024 3014 3002 2985 2975 2969 2960 2948 2938 2924 2912 2904 2897 2892 2884 2873 2866 2851 2849 2850 2849 2842 2820 2791 2706 2691 2679 2675 2661 2627 2585 2575 2569 2575 2571 2565 2545 2533 2539 2540 2542 2548 2553 2546 2518 2503 2489 2472 2443
3451 3428 3402 3389 3378 3363 3344 3329 3318 3305 3289 3274 3264 3255 3236 3220 3212 3202 3187 3179 3174 3168 3158 3151 3149 3140 3129 3120 3102 3090 3080 3067 3052 3037 3020 3011 3001 2990 2973 2963 2955 2945 2933 2920 2903 2893 2886 2883 2874 2867 2861 2861 2856 2849 2845 2835 2839 2791 2764 2733 2716 2714 2706 2679 2637 2616 2601 2596 2591 2586 2571 2531 2520 2519 2523 2528 2530 2519 2513 2502 2478 2461 2445 2421
3456 3428 3407 3396 3376 3359 3338 3325 3315 3296 3280 3267 3259 3245 3230 3215 3202 3185 3176 3169 3160 3151 3144 3137 3132 3124 3118 3107 3092 3079 3069 3056 3042 3029 3011 2997 2988 2978 2964 2953 2946 2937 2926 2905 2890 2880 2876 2873 2864 2856 2856 2856 2849 2840 2830 2818 2806 2777 2761 2746 2735 2725 2710 2674 2650 2645 2640 2627 2607 2595 2567 2527 2522 2534 2536 2516 2505 2500 2487 2471 2456 2446 2423 2410
3451 3434 3422 3410 3388 3364 3338 3327 3313 3292 3277 3266 3257 3247 3230 3207 3192 3175 3168 3157 3146 3139 3134 3127 3120 3115 3104 3092 3079 3068 3055 3040 3033 3021 3002 2990 2976 2969 2956 2946 2938 2926 2908 2893 2885 2880 2879 2873 2861 2851 2851 2852 2848 2839 2824 2813 2805 2791 2773 2762 2750 2733 2703 2676 2673 2669 2665 2647 2623 2613 2569 2531 2528 2531 2521 2496 2486 2472 2460 2454 2443 2428 2412 2408
3458 3442 3427 3416 3389 3361 3341 3323 3302 3287 3273 3257 3248 3238 3221 3197 3182 3171 3162 3144 3135 3127 3123 3116 3110 3098 3086 3077 3064 3048 3038 3032 3021 3006 2992 2979 2969 2960 2948 2939 2927 2910 2897 2891 2893 2892 2892 2885 2867 2854 2860 2862 2860 2847 2832 2821 2817 2808 2793 2780 2770 2741 2707 2689 2686 2684 2675 2650 2626 2613 2558 2540 2528 2513 2490 2475 2466 2459 2451 2441 2430 2423 2416 2421
3465 3449 3429 3412 3394 3359 3337 3318 3300 3287 3266 3248 3237 3228 3208 3188 3178 3167 3148 3137 3130 3122 3111 3105 3096 3083 3070 3061 3048 3036 3027 3014 3006 2995 2984 2971 2964 2954 2942 2931 2920 2909 2905 2910 2911 2911 2907 2893 2874 2870 2874 2881 2885 2870 2849 2838 2830 2822 2805 2792 2775 2740 2720 2703 2699 2690 2670 2642 2620 2601 2569 2549 2522 2499 2470 2459 2453 2453 2446 2435 2424 2426 2431 2440
3469 3454 3429 3411 3391 3371 3349 3324 3309 3290 3270 3247 3230 3222 3206 3188 3174 3165 3150 3137 3127 3116 3107 3096 3087 3073 3061 3047 3036 3024 3011 3002 2995 2989 2978 2965 2956 2947 2936 2927 2924 2925 2926 2934 2934 2924 2915 2897 2885 2881 2889 2903 2909 2896 2880 2865 2843 2827 2814 2797 2772 2753 2732 2718 2705 2689 2663 2637 2610 2589 2570 2549 2519 2492 2473 2463 2458 2459 2453 2436 2432 2437 2446 2457
3465 3448 3424 3405 3388 3370 3345 3327 3313 3294 3268 3242 3224 3215 3208 3191 3179 3167 3153 3137 3120 3108 3099 3086 3074 3066 3051 3038 3026 3013 3002 2993 2986 2980 2970 2959 2947 2940 2931 2932 2936 2945 2954 2953 2946 2925 2914 2903 2899 2900 2911 2919 2924 2920 2902 2877 2850 2826 2812 2779 2767 2752 2733 2715 2697 2675 2647 2620 2601 2584 2562 2541 2519 2503 2498 2494 2494 2480 2464 2452 2455 2454 2461 2468
3456 3434 3419 3401 3382 3360 3336 3324 3310 3290 3268 3244 3227 3219 3212 3203 3189 3179 3157 3137 3114 3102 3086 3071 3063 3056 3046 3031 3016 3003 2992 2984 2977 2970 2962 2954 2946 2944 2943 2951 2956 2968 2971 2966 2953 2928 2917 2915 2917 2925 2934 2932 2930 2916 2900 2869 2838 2821 2800 2775 2760 2744 2729 2707 2681 2657 2632 2612 2594 2576 2558 2536 2529 2529 2529 2524 2525 2501 2477 2476 2475 2474 2478 2480
3447 3432 3415 3393 3372 3343 3330 3325 3309 3293 3278 3263 3246 3235 3218 3208 3195 3183 3159 3131 3111 3098 3080 3062 3055 3048 3036 3019 3006 2994 2985 2977 2973 2967 2966 2960 2961 2964 2973 2983 2982 2982 2977 2968 2952 2938 2929 2928 2935 2949 2954 2950 2928 2905 2884 2853 2824 2815 2796 2772 2751 2734 2720 2698 2673 2649 2625 2604 2586 2575 2562 2554 2552 2550 2556 2553 2543 2536 2505 2488 2489 2492 2499 2499
3448 3430 3418 3392 3369 3337 3326 3323 3315 3302 3292 3279 3262 3242 3224 3210 3196 3182 3163 3135 3118 3103 3081 3067 3058 3043 3026 3010 3001 2992 2989 2985 2981 2977 2989 2988 2988 2998 3007 3009 3003 2999 2988 2966 2954 2943 2938 2939 2951 2959 2966 2960 2928 2898 2875 2849 2831 2810 2791 2768 2744 2725 2710 2691 2673 2641 2616 2602 2588 2584 2579 2584 2582 2578 2578 2571 2555 2545 2539 2505 2504 2509 2519 2518
3450 3432 3419 3388 3370 3352 3334 3336 3326 3306 3300 3287 3268 3248 3230 3221 3203 3187 3171 3148 3134 3111 3095 3079 3064 3040 3023 3015 3011 3007 3008 3010 3006 3007 3017 3014 3015 3028 3035 3029 3022 3020 2998 2978 2959 2949 2948 2958 2963 2968 2971 2954 2919 2894 2873 2862 2830 2806 2786 2766 2736 2717 2703 2686 2658 2633 2621 2613 2606 2603 2606 2616 2617 2605 2592 2581 2552 2548 2535 2524 2523 2525 2532 2549
3453 3433 3418 3394 3386 3372 3365 3357 3332 3312 3301 3287 3269 3253 3246 3227 3204 3192 3177 3154 3131 3115 3101 3081 3061 3040 3027 3028 3030 3028 3032 3036 3031 3027 3034 3039 3041 3046 3050 3045 3037 3019 3005 2983 2966 2957 2960 2966 2970 2975 2965 2938 2909 2889 2867 2846 2830 2804 2776 2753 2727 2708 2696 2676 2656 2637 2635 2637 2637 2635 2635 2657 2664 2636 2648 2607 2599 2551 2538 2539 2542 2545 2562 2578
3455 3441 3433 3417 3404 3385 3373 3356 3334 3314 3300 3286 3264 3254 3247 3218 3197 3187 3173 3150 3125 3110 3097 3074 3056 3045 3043 3048 3052 3051 3056 3054 3047 3048 3057 3060 3058 3059 3060 3056 3040 3018 3001 2989 2969 2966 2969 2971 2973 2968 2951 2927 2904 2883 2857 2838 2822 2789 2761 2734 2719 2708 2699 2690 2676 2668 2664 2674 2675 2667 2669 2710 2712 2690 2666 2643 2633 2590 2558 2561 2562 2567 2585 2598
3468 3452 3438 3427 3413 3382 3369 3350 3333 3314 3299 3285 3267 3253 3246 3217 3197 3181 3168 3147 3124 3110 3090 3070 3063 3059 3063 3071 3073 3074 3074 3072 3071 3076 3076 3076 3074 3073 3071 3064 3048 3029 3007 2994 2982 2974 2978 2975 2969 2952 2933 2904 2887 2867 2844 2830 2813 2784 2751 2738 2725 2720 2714 2712 2704 2704 2701 2717 2719 2708 2703 2722 2717 2699 2665 2647 2631 2611 2583 2571 2578 2584 2598 2609
3482 3465 3448 3434 3406 3391 3374 3352 3337 3322 3307 3297 3279 3266 3249 3230 3205 3187 3163 3150 3128 3113 3087 3074 3077 3078 3087 3091 3096 3098 3101 3101 3100 3101 3094 3090 3088 3087 3079 3069 3056 3041 3016 3000 2990 2980 2977 2973 2962 2938 2905 2881 2860 2846 2834 2820 2806 2783 2757 2745 2739 2734 2732 2733 2735 2737 2738 2753 2758 2742 2732 2724 2713 2690 2670 2653 2631 2616 2605 2593 2592 2597 2609 2618
3490 3475 3458 3440 3415 3400 3381 3359 3344 3327 3316 3304 3291 3268 3252 3233 3216 3191 3165 3147 3132 3114 3096 3097 3099 3105 3111 3117 3120 3123 3129 3128 3124 3120 3110 3104 3101 3091 3084 3069 3051 3041 3023 3006 2990 2978 2972 2964 2944 2918 2895 2870 2847 2835 2825 2810 2792 2775 2761 2753 2747 2746 2746 2756 2762 2766 2770 2779 2774 2761 2744 2725 2705 2689 2678 2657 2633 2620 2612 2606 2605 2616 2632 2636
3494 3474 3460 3443 3422 3406 3389 3364 3347 3327 3316 3300 3279 3263 3248 3231 3212 3186 3165 3148 3132 3115 3108 3117 3124 3127 3132 3137 3143 3146 3153 3147 3145 3136 3125 3114 3111 3103 3088 3064 3047 3039 3026 3005 2991 2977 2966 2950 2925 2902 2890 2869 2852 2836 2828 2813 2796 2784 2776 2770 2763 2766 2778 2784 2792 2797 2809 2794 2784 2770 2766 2721 2705 2690 2677 2657 2636 2626 2622 2619 2622 2633 2647 2656
3493 3473 3459 3444 3421 3406 3387 3366 3343 3324 3308 3292 3277 3263 3243 3224 3200 3181 3164 3146 3126 3117 3123 3136 3141 3146 3152 3160 3162 3169 3182 3173 3168 3154 3140 3128 3120 3103 3084 3066 3051 3043 3031 3017 2991 2973 2956 2940 2913 2899 2889 2877 2860 2850 2843 2841 2822 2793 2795 2790 2792 2804 2821 2835 2839 2838 2841 2819 2793 2783 2754 2717 2707 2690 2674 2662 2647 2641 2650 2646 2658 2661 2667 2674
3495 3479 3462 3441 3425 3403 3381 3361 3337 3313 3305 3291 3276 3262 3238 3219 3203 3184 3167 3148 3129 3131 3143 3155 3162 3166 3174 3180 3184 3192 3198 3195 3189 3174 3158 3140 3124 3100 3082 3071 3059 3046 3040 3017 2989 2967 2944 2930 2912 2903 2897 2884 2869 2863 2857 2852 2846 2811 2824 2821 2832 2845 2864 2878 2872 2869 2859 2827 2798 2778 2751 2726 2714 2694 2687 2677 2669 2668 2682 2694 2695 2691 2695 2688
3497 3478 3463 3451 3429 3401 3380 3364 3335 3316 3305 3293 3274 3257 3236 3218 3204 3189 3174 3161 3154 3163 3166 3178 3180 3187 3192 3198 3206 3211 3213 3207 3200 3189 3166 3145 3124 3096 3081 3071 3057 3043 3029 3012 2986 2963 2947 2931 2920 2918 2910 2904 2895 2880 2878 2872 2857 2869 2888 2873 2881 2894 2908 2903 2887 2873 2850 2827 2798 2778 2765 2733 2730 2718 2709 2702 2695 2699 2712 2722 2724 2727 2713 2697
3498 3473 3463 3449 3423 3391 3380 3362 3341 3324 3308 3292 3275 3258 3238 3219 3205 3191 3184 3181 3181 3182 3188 3191 3198 3205 3211 3219 3227 3230 3227 3215 3204 3189 3159 3137 3117 3096 3079 3067 3049 3035 3019 3004 2985 2965 2955 2947 2941 2941 2932 2933 2950 2931 2941 2919 2941 2925 2936 2925 2936 2936 2938 2927 2911 2891 2848 2826 2807 2798 2789 2767 2755 2734 2724 2719 2722 2727 2740 2747 2741 2725 2708 2693
3479 3459 3457 3443 3422 3394 3372 3362 3346 3325 3309 3295 3278 3262 3244 3229 3214 3209 3202 3202 3199 3204 3209 3214 3218 3220 3228 3238 3245 3246 3239 3220 3202 3184 3159 3136 3113 3091 3075 3055 3041 3026 3013 3000 2989 2976 2969 2967 2972 2969 2969 2978 3001 2994 2989 2979 2961 2957 2961 2965 2963 2971 2960 2955 2915 2921 2926 2833 2825 2815 2805 2792 2773 2746 2735 2735 2740 2752 2761 2752 2737 2715 2697 2684
3491 3465 3455 3441 3427 3406 3378 3363 3342 3326 3307 3299 3285 3270 3259 3249 3240 3232 3230 3227 3226 3222 3231 3237 3238 3244 3250 3255 3258 3260 3243 3222 3204 3182 3162 3134 3111 3094 3075 3054 3039 3028 3017 3007 3001 2996 2992 2996 3006 3005 3014 3057 3035 3020 3007 3008 2989 2983 2986 2997 3004 3001 2991 2981 2947 2946 2897 2851 2837 2823 2812 2797 2771 2757 2753 2755 2762 2768 2767 2747 2727 2707 2692 2677
3499 3484 3462 3444 3430 3411 3393 3375 3355 3337 3318 3309 3297 3282 3272 3263 3253 3253 3247 3245 3239 3238 3248 3258 3263 3271 3276 3274 3273 3270 3245 3222 3205 3181 3160 3134 3114 3097 3079 3058 3046 3036 3026 3019 3015 3017 3019 3032 3039 3045 3051 3068 3069 3077 3049 3013 3017 3010 3015 3028 3027 3021 3002 2978 2958 2928 2895 2871 2849 2831 2804 2793 2780 2777 2776 2776 2776 2774 2761 2741 2724 2702 2683 2664
3496 3486 3467 3450 3438 3425 3399 3380 3360 3351 3334 3322 3309 3293 3284 3273 3268 3264 3262 3260 3255 3258 3268 3278 3285 3296 3297 3297 3297 3277 3248 3237 3215 3188 3160 3135 3118 3097 3079 3070 3060 3050 3042 3035 3030 3040 3048 3058 3069 3077 3082 3099 3103 3098 3091 3050 3042 3046 3044 3037 3027 3014 2998 2977 2951 2926 2909 2888 2859 2840 2812 2796 2796 2796 2793 2788 2786 2776 2759 2739 2724 2699 2669 2645
