SRTMGL1_28.169999999999998_103.69_28.3_103.85000000000001.asc
ncols        576
nrows        468
xllcorner    103.689861111149
yllcorner    28.170138888885
cellsize     0.000277777778
NODATA_value -32768
[rows 160 to 199 of 468, columns 360 to 449 of 576]
658 670 686 701 721 736 747 769 783 787 794 816 830 841 848 850 851 853 859 868 884 888 892 901 912 933 944 945 956 962 961 966 979 995 1000 1006 1008 1007 1010 1028 1021 1023 1031 1043 1034 1039 1049 1059 1065 1075 1107 1109 1162 1172 1204 1233 1246 1260 1274 1297 1314 1324 1338 1352 1362 1359 1360 1362 1363 1363 1366 1386 1401 1405 1402 1401 1394 1396 1398 1409 1419 1428 1430 1442 1448 1465 1470 1471 1457 1467
680 699 711 727 740 750 768 782 794 816 831 854 858 861 867 871 871 877 884 887 896 905 915 926 932 952 962 965 973 983 992 999 1013 1023 1032 1033 1032 1044 1064 1062 1059 1067 1088 1084 1076 1067 1073 1074 1082 1102 1122 1154 1187 1208 1223 1253 1253 1287 1304 1323 1341 1356 1369 1377 1389 1400 1400 1408 1406 1395 1410 1424 1439 1448 1439 1436 1463 1423 1441 1446 1444 1453 1459 1467 1478 1497 1511 1521 1511 1518
706 728 740 747 757 773 789 801 816 839 856 867 880 878 896 899 897 902 910 907 916 924 935 945 960 974 981 985 998 1009 1018 1037 1046 1053 1057 1058 1060 1076 1079 1082 1085 1099 1108 1114 1105 1098 1079 1081 1097 1123 1146 1178 1199 1225 1239 1262 1291 1307 1317 1352 1368 1374 1385 1395 1407 1418 1430 1439 1444 1449 1462 1473 1478 1479 1482 1510 1530 1518 1506 1492 1488 1506 1508 1512 1518 1533 1543 1545 1558 1558
729 753 764 771 781 794 809 823 849 867 881 886 903 920 930 932 928 929 937 940 941 951 961 977 984 993 996 1007 1023 1030 1044 1058 1062 1074 1083 1087 1087 1102 1103 1106 1116 1129 1135 1138 1122 1123 1095 1118 1131 1167 1169 1194 1220 1232 1249 1289 1297 1313 1331 1368 1374 1384 1396 1407 1418 1429 1440 1449 1460 1471 1478 1486 1506 1519 1521 1532 1541 1541 1536 1530 1534 1535 1546 1560 1567 1566 1573 1586 1598 1592
754 774 784 793 802 810 823 849 879 894 915 925 933 945 958 959 952 950 962 964 965 974 988 996 1001 1000 1011 1033 1043 1052 1071 1080 1086 1095 1111 1119 1127 1141 1154 1167 1174 1190 1179 1184 1130 1118 1115 1122 1167 1171 1191 1208 1229 1253 1267 1286 1301 1321 1338 1357 1373 1390 1405 1420 1431 1438 1446 1456 1468 1481 1484 1499 1525 1538 1543 1552 1562 1564 1558 1553 1556 1584 1579 1609 1610 1604 1606 1609 1624 1623
782 792 801 815 817 830 851 875 896 919 941 961 968 976 996 995 987 974 979 986 986 994 1006 1015 1017 1026 1039 1059 1064 1087 1103 1115 1118 1128 1146 1159 1173 1189 1195 1215 1220 1212 1191 1169 1138 1123 1121 1140 1164 1197 1209 1223 1239 1250 1271 1297 1303 1333 1354 1375 1382 1397 1415 1429 1439 1444 1450 1466 1482 1493 1500 1520 1533 1551 1559 1572 1578 1588 1585 1582 1605 1618 1624 1630 1630 1632 1638 1638 1653 1650
803 808 824 840 843 856 875 900 921 938 965 997 1005 1014 1023 1025 1019 1012 1013 1012 1012 1017 1028 1045 1054 1059 1076 1086 1099 1116 1131 1134 1138 1160 1183 1190 1204 1210 1217 1224 1223 1222 1178 1162 1146 1135 1126 1151 1191 1207 1223 1242 1250 1274 1289 1296 1326 1344 1366 1387 1402 1407 1420 1438 1447 1450 1467 1489 1503 1507 1520 1543 1556 1566 1583 1600 1612 1619 1631 1636 1639 1641 1640 1641 1642 1651 1661 1665 1671 1669
819 847 845 865 893 903 931 949 963 967 997 1032 1043 1049 1050 1048 1043 1041 1037 1036 1035 1047 1065 1076 1081 1087 1098 1114 1126 1137 1143 1152 1168 1185 1194 1206 1223 1231 1225 1219 1214 1205 1167 1163 1161 1153 1149 1194 1212 1221 1227 1239 1259 1278 1304 1322 1338 1372 1376 1411 1416 1422 1437 1449 1459 1467 1501 1518 1525 1525 1556 1574 1590 1597 1616 1639 1647 1668 1671 1664 1669 1677 1673 1669 1668 1677 1684 1687 1684 1685
861 870 871 890 921 949 972 987 997 1035 1042 1059 1072 1080 1076 1071 1067 1067 1060 1061 1073 1078 1084 1092 1100 1115 1126 1140 1147 1154 1157 1178 1198 1202 1208 1224 1261 1259 1268 1242 1237 1192 1176 1174 1173 1174 1180 1215 1229 1251 1261 1269 1284 1296 1308 1326 1371 1411 1408 1416 1433 1451 1462 1469 1484 1523 1538 1542 1550 1564 1593 1612 1626 1632 1644 1657 1678 1691 1699 1686 1696 1703 1711 1706 1704 1700 1701 1699 1701 1698
886 891 896 926 959 971 996 1031 1048 1064 1095 1098 1103 1102 1101 1104 1103 1094 1094 1106 1104 1101 1105 1113 1136 1155 1160 1172 1179 1182 1196 1213 1218 1220 1237 1252 1275 1276 1278 1278 1270 1214 1184 1189 1199 1203 1213 1229 1258 1277 1289 1303 1313 1328 1317 1369 1415 1421 1421 1450 1456 1482 1476 1499 1525 1544 1553 1564 1584 1609 1614 1636 1653 1663 1669 1685 1706 1750 1759 1759 1756 1745 1738 1739 1748 1746 1732 1729 1724 1722
900 911 939 961 985 997 1029 1060 1078 1133 1128 1125 1125 1129 1127 1131 1130 1128 1126 1128 1126 1121 1131 1148 1162 1175 1189 1199 1208 1216 1225 1229 1238 1238 1261 1275 1281 1282 1287 1285 1282 1226 1199 1205 1230 1234 1244 1259 1279 1299 1321 1338 1343 1363 1376 1416 1432 1441 1463 1484 1492 1505 1510 1527 1549 1555 1561 1587 1594 1616 1629 1645 1660 1681 1695 1710 1726 1758 1769 1766 1770 1766 1763 1781 1784 1786 1790 1780 1769 1758
911 943 966 991 1022 1052 1064 1093 1123 1169 1155 1138 1157 1171 1170 1171 1176 1162 1160 1155 1151 1157 1162 1170 1179 1192 1214 1223 1230 1237 1243 1256 1266 1266 1280 1290 1289 1293 1299 1283 1263 1217 1217 1241 1248 1257 1266 1286 1301 1312 1326 1345 1362 1382 1410 1430 1450 1450 1466 1478 1498 1523 1540 1565 1585 1583 1598 1591 1598 1615 1625 1632 1642 1680 1696 1709 1729 1754 1764 1767 1771 1776 1782 1792 1802 1807 1815 1816 1809 1789
925 942 995 1020 1046 1080 1095 1116 1155 1185 1183 1187 1201 1212 1206 1202 1200 1193 1189 1191 1186 1191 1193 1194 1199 1215 1236 1245 1254 1258 1264 1283 1294 1294 1300 1308 1305 1318 1313 1294 1269 1228 1229 1244 1259 1271 1280 1295 1310 1325 1326 1359 1372 1393 1424 1443 1453 1456 1473 1489 1506 1538 1542 1551 1559 1562 1566 1568 1586 1612 1630 1633 1646 1674 1695 1701 1714 1734 1747 1748 1754 1761 1767 1773 1785 1796 1805 1810 1816 1811
936 961 1018 1039 1081 1087 1100 1120 1141 1167 1190 1207 1224 1230 1229 1225 1224 1223 1229 1228 1217 1211 1219 1223 1232 1243 1256 1266 1276 1286 1295 1308 1314 1314 1313 1330 1339 1330 1326 1312 1281 1245 1246 1250 1262 1273 1288 1299 1312 1338 1356 1376 1381 1411 1438 1447 1453 1453 1466 1503 1517 1532 1539 1539 1540 1545 1556 1570 1590 1614 1633 1641 1652 1666 1685 1690 1697 1709 1717 1725 1733 1740 1744 1751 1762 1774 1781 1787 1798 1806
962 1015 1048 1065 1081 1094 1112 1124 1146 1171 1195 1220 1233 1243 1253 1254 1246 1247 1252 1259 1247 1248 1256 1257 1266 1270 1275 1284 1297 1312 1320 1332 1340 1342 1358 1345 1344 1332 1321 1306 1278 1257 1250 1257 1264 1280 1297 1311 1322 1332 1348 1363 1389 1410 1426 1440 1449 1460 1470 1483 1503 1515 1518 1515 1520 1535 1550 1563 1572 1594 1613 1623 1622 1636 1650 1661 1664 1673 1684 1696 1707 1714 1720 1727 1738 1746 1752 1760 1774 1784
970 996 1026 1050 1069 1083 1102 1126 1150 1168 1185 1212 1233 1244 1266 1272 1271 1268 1269 1266 1265 1270 1280 1288 1293 1295 1299 1303 1320 1343 1347 1351 1354 1380 1388 1370 1345 1335 1322 1300 1282 1266 1256 1260 1269 1288 1313 1329 1345 1359 1359 1375 1393 1405 1418 1428 1431 1434 1444 1460 1478 1491 1496 1499 1504 1514 1533 1542 1547 1554 1564 1575 1586 1599 1616 1631 1640 1650 1665 1676 1685 1692 1699 1707 1714 1721 1731 1743 1757 1766
962 985 1009 1038 1056 1072 1091 1116 1139 1156 1173 1191 1217 1245 1265 1277 1282 1285 1290 1297 1292 1293 1310 1317 1321 1318 1324 1339 1346 1360 1372 1379 1390 1399 1394 1387 1360 1340 1324 1304 1284 1269 1264 1269 1286 1313 1340 1351 1354 1359 1370 1381 1388 1393 1404 1414 1421 1425 1432 1442 1454 1462 1472 1481 1488 1500 1507 1515 1524 1536 1545 1557 1573 1585 1599 1612 1624 1634 1643 1653 1664 1673 1682 1692 1703 1711 1716 1727 1740 1749
953 970 996 1024 1044 1062 1081 1099 1120 1142 1160 1183 1209 1234 1252 1262 1278 1299 1311 1317 1325 1335 1333 1335 1341 1343 1344 1348 1362 1371 1381 1386 1386 1391 1401 1389 1375 1357 1322 1301 1287 1275 1272 1281 1293 1306 1346 1355 1358 1363 1371 1375 1377 1382 1391 1404 1414 1419 1423 1429 1433 1441 1451 1457 1469 1480 1487 1498 1509 1520 1530 1544 1561 1572 1581 1591 1605 1614 1621 1634 1650 1661 1671 1683 1687 1694 1701 1703 1708 1723
942 961 985 1011 1032 1055 1072 1089 1107 1134 1153 1170 1197 1233 1246 1255 1276 1306 1319 1328 1342 1340 1344 1352 1361 1365 1365 1365 1376 1388 1397 1397 1393 1409 1406 1394 1382 1363 1331 1308 1289 1281 1284 1296 1303 1326 1339 1349 1356 1361 1365 1367 1370 1376 1383 1391 1399 1409 1415 1419 1424 1436 1444 1452 1463 1473 1479 1488 1497 1507 1515 1529 1547 1562 1571 1580 1590 1601 1610 1625 1640 1650 1661 1670 1675 1676 1683 1691 1699 1706
933 948 978 1009 1029 1050 1073 1086 1108 1130 1160 1182 1202 1224 1247 1272 1294 1313 1327 1335 1346 1354 1363 1374 1378 1378 1377 1397 1401 1402 1407 1406 1405 1408 1409 1398 1388 1367 1331 1306 1292 1290 1296 1308 1323 1331 1337 1344 1352 1356 1360 1366 1373 1379 1384 1386 1396 1404 1410 1417 1423 1429 1437 1449 1460 1469 1478 1486 1491 1499 1511 1528 1540 1552 1562 1569 1579 1593 1605 1615 1628 1637 1646 1656 1663 1666 1671 1678 1689 1702
938 949 974 1004 1025 1046 1069 1085 1086 1125 1167 1191 1209 1233 1263 1281 1298 1316 1333 1338 1343 1354 1370 1375 1376 1372 1373 1385 1394 1391 1388 1389 1391 1392 1394 1392 1387 1376 1328 1303 1297 1296 1305 1316 1326 1332 1335 1341 1348 1357 1358 1363 1371 1379 1384 1387 1393 1407 1411 1419 1426 1431 1436 1444 1456 1469 1483 1493 1500 1504 1517 1524 1533 1541 1554 1562 1573 1586 1596 1609 1621 1632 1636 1640 1647 1652 1657 1668 1685 1701
939 958 979 988 989 1018 1040 1073 1102 1136 1170 1198 1223 1244 1263 1279 1296 1312 1325 1331 1348 1359 1357 1360 1354 1356 1362 1365 1369 1363 1361 1363 1371 1376 1379 1381 1375 1358 1333 1307 1303 1299 1304 1316 1327 1331 1334 1338 1347 1354 1356 1357 1364 1376 1382 1385 1399 1409 1419 1432 1437 1444 1448 1450 1458 1468 1484 1496 1501 1508 1517 1522 1527 1536 1545 1554 1564 1577 1588 1600 1610 1623 1629 1634 1639 1643 1654 1668 1686 1698
926 947 967 983 993 992 1039 1070 1114 1135 1161 1191 1233 1248 1264 1279 1293 1304 1314 1318 1325 1325 1327 1333 1334 1329 1317 1313 1318 1327 1331 1336 1346 1359 1364 1365 1358 1347 1330 1318 1308 1300 1307 1316 1325 1331 1334 1336 1343 1350 1352 1355 1362 1371 1379 1389 1401 1413 1417 1428 1442 1454 1456 1464 1469 1474 1478 1488 1497 1505 1510 1514 1520 1527 1537 1541 1550 1562 1575 1586 1598 1609 1621 1629 1636 1643 1659 1673 1692 1705
922 942 962 985 998 1004 1046 1090 1114 1140 1159 1196 1233 1249 1268 1281 1290 1301 1302 1305 1310 1298 1306 1301 1289 1296 1297 1297 1302 1305 1310 1316 1329 1338 1347 1355 1355 1350 1337 1323 1315 1310 1311 1315 1324 1328 1331 1335 1340 1346 1351 1357 1364 1372 1380 1388 1396 1402 1411 1422 1434 1443 1449 1456 1466 1467 1470 1477 1486 1495 1502 1508 1514 1525 1533 1537 1544 1557 1571 1582 1592 1606 1617 1629 1639 1645 1657 1677 1700 1707
936 950 978 990 1010 1036 1067 1090 1109 1133 1156 1187 1214 1239 1255 1266 1277 1279 1280 1270 1271 1274 1284 1282 1270 1277 1283 1282 1285 1289 1295 1306 1314 1322 1329 1342 1354 1355 1343 1331 1322 1316 1312 1319 1323 1326 1328 1333 1339 1345 1352 1360 1365 1372 1377 1383 1387 1394 1406 1415 1421 1428 1434 1444 1453 1458 1462 1472 1481 1488 1492 1501 1514 1525 1535 1542 1548 1563 1579 1591 1600 1610 1620 1636 1649 1655 1665 1690 1707 1721
941 970 1000 1021 1024 1053 1072 1080 1086 1137 1175 1174 1195 1217 1235 1250 1244 1234 1224 1230 1236 1238 1232 1248 1252 1255 1261 1261 1254 1265 1275 1287 1301 1311 1321 1332 1344 1348 1346 1338 1331 1323 1321 1324 1326 1328 1331 1338 1345 1347 1355 1362 1364 1368 1372 1379 1386 1394 1403 1411 1418 1424 1429 1437 1445 1452 1462 1472 1480 1483 1482 1495 1512 1529 1546 1558 1573 1598 1601 1617 1622 1626 1629 1656 1684 1691 1697 1719 1742 1760
949 970 990 1014 1035 1054 1070 1085 1107 1133 1151 1169 1175 1190 1201 1198 1210 1209 1194 1186 1191 1194 1191 1217 1213 1212 1226 1230 1235 1245 1257 1266 1272 1285 1300 1309 1325 1338 1348 1344 1340 1335 1331 1333 1334 1336 1341 1349 1351 1354 1359 1362 1366 1370 1375 1384 1388 1395 1405 1415 1423 1428 1433 1438 1445 1450 1459 1474 1477 1481 1488 1507 1538 1587 1631 1650 1662 1659 1647 1644 1648 1653 1666 1688 1695 1702 1715 1729 1755 1774
947 966 988 1011 1031 1050 1063 1083 1105 1119 1126 1143 1159 1170 1159 1153 1156 1158 1161 1152 1150 1154 1176 1173 1170 1185 1199 1208 1218 1229 1240 1249 1260 1274 1283 1298 1315 1332 1343 1346 1346 1344 1339 1340 1343 1347 1354 1356 1358 1362 1363 1365 1369 1377 1385 1392 1398 1404 1413 1423 1429 1434 1439 1444 1447 1450 1463 1470 1475 1486 1522 1544 1566 1587 1619 1644 1654 1664 1659 1665 1670 1674 1673 1691 1709 1715 1728 1744 1760 1775
938 961 987 1004 1020 1036 1048 1057 1075 1094 1108 1118 1121 1125 1121 1104 1101 1107 1121 1120 1129 1131 1149 1148 1146 1159 1178 1191 1199 1210 1222 1236 1252 1261 1272 1289 1309 1327 1339 1347 1351 1350 1347 1347 1352 1355 1359 1362 1365 1367 1368 1369 1376 1383 1391 1397 1405 1412 1422 1430 1434 1438 1444 1449 1452 1456 1463 1472 1489 1507 1526 1542 1564 1585 1606 1629 1651 1659 1668 1681 1689 1699 1708 1715 1717 1725 1742 1757 1770 1781
929 944 964 985 1003 1022 1030 1038 1050 1063 1075 1082 1087 1093 1081 1076 1071 1087 1088 1095 1110 1117 1118 1118 1126 1141 1159 1169 1180 1194 1205 1224 1240 1253 1267 1289 1305 1317 1332 1347 1355 1359 1358 1360 1361 1363 1366 1368 1371 1376 1381 1383 1383 1387 1392 1402 1411 1421 1429 1437 1440 1445 1452 1457 1460 1462 1470 1481 1494 1507 1520 1541 1566 1587 1600 1624 1642 1655 1667 1684 1702 1717 1726 1729 1740 1753 1766 1776 1784 1790
914 930 947 963 983 999 1011 1023 1033 1040 1052 1065 1073 1081 1065 1044 1042 1050 1065 1073 1070 1080 1093 1104 1115 1124 1139 1154 1166 1185 1201 1218 1239 1253 1268 1286 1298 1314 1331 1347 1360 1366 1369 1372 1374 1374 1376 1377 1382 1388 1397 1399 1396 1396 1399 1408 1423 1430 1436 1446 1449 1455 1459 1464 1469 1475 1482 1493 1504 1507 1521 1542 1564 1576 1592 1609 1625 1643 1661 1680 1702 1717 1729 1741 1755 1770 1782 1788 1795 1801
902 914 927 946 962 976 984 996 1006 1014 1017 1006 1005 1001 1012 1021 1028 1031 1033 1039 1051 1066 1080 1092 1104 1116 1128 1146 1164 1185 1205 1220 1229 1238 1255 1270 1296 1320 1342 1365 1377 1382 1381 1383 1383 1383 1388 1390 1391 1397 1408 1412 1419 1425 1421 1425 1434 1438 1456 1462 1467 1472 1476 1476 1484 1494 1502 1505 1507 1517 1533 1547 1548 1560 1576 1595 1614 1633 1652 1674 1696 1713 1727 1746 1758 1768 1779 1792 1800 1806
878 893 904 917 935 945 953 961 972 984 986 982 978 983 995 1001 995 1007 1017 1028 1039 1057 1072 1087 1102 1113 1127 1149 1173 1194 1209 1230 1236 1256 1275 1302 1320 1342 1359 1379 1397 1396 1396 1400 1400 1395 1398 1397 1396 1402 1416 1427 1435 1447 1453 1455 1457 1466 1515 1509 1518 1512 1520 1522 1519 1525 1524 1521 1523 1533 1547 1558 1566 1577 1587 1602 1616 1630 1672 1705 1726 1722 1733 1751 1765 1773 1775 1792 1803 1813
847 862 874 890 906 919 931 936 944 956 969 968 969 975 984 987 990 998 1008 1017 1030 1051 1074 1083 1096 1113 1129 1152 1175 1188 1206 1231 1244 1267 1289 1311 1330 1350 1374 1387 1397 1409 1409 1413 1412 1409 1410 1409 1426 1432 1440 1449 1457 1461 1466 1472 1537 1584 1573 1575 1584 1580 1569 1556 1557 1548 1542 1545 1552 1560 1571 1579 1588 1595 1601 1608 1623 1644 1681 1717 1731 1728 1735 1750 1768 1772 1785 1796 1807 1824
822 834 852 870 889 899 907 913 921 934 944 950 956 964 970 976 983 991 1000 1012 1025 1036 1042 1063 1100 1116 1135 1165 1190 1196 1210 1235 1254 1273 1302 1324 1339 1360 1384 1403 1415 1400 1413 1440 1465 1465 1479 1484 1502 1470 1472 1475 1475 1471 1471 1509 1556 1585 1608 1622 1621 1610 1598 1593 1583 1567 1557 1562 1569 1574 1577 1590 1602 1613 1619 1622 1636 1651 1664 1672 1702 1722 1730 1765 1782 1786 1794 1806 1822 1847
798 811 831 852 868 873 877 890 906 915 923 933 947 955 962 969 975 983 993 1006 1015 1030 1055 1083 1098 1120 1153 1167 1196 1215 1221 1254 1264 1283 1311 1335 1347 1372 1394 1414 1438 1425 1453 1497 1503 1507 1519 1536 1526 1509 1497 1488 1488 1489 1505 1533 1545 1582 1609 1623 1635 1633 1620 1608 1595 1578 1568 1568 1572 1575 1586 1601 1619 1627 1624 1625 1640 1655 1667 1671 1675 1698 1741 1785 1796 1804 1810 1828 1843 1867
770 783 804 823 836 847 858 870 884 898 905 918 935 951 957 962 968 974 989 1001 1014 1033 1053 1084 1108 1132 1160 1178 1196 1218 1245 1261 1276 1300 1324 1342 1366 1389 1411 1436 1490 1522 1522 1512 1517 1528 1541 1545 1545 1539 1522 1517 1512 1508 1511 1528 1545 1566 1608 1622 1639 1645 1637 1624 1608 1595 1585 1580 1581 1585 1594 1609 1620 1625 1624 1632 1650 1670 1682 1686 1686 1712 1774 1798 1806 1814 1823 1843 1857 1869
748 765 783 804 818 834 848 862 874 885 895 905 924 945 955 961 966 976 985 1002 1015 1039 1067 1087 1114 1145 1168 1198 1208 1228 1253 1268 1291 1314 1340 1362 1384 1402 1421 1452 1475 1500 1513 1519 1529 1542 1548 1550 1553 1551 1548 1541 1529 1523 1523 1527 1530 1557 1602 1626 1641 1653 1652 1641 1624 1611 1600 1596 1601 1609 1613 1621 1633 1643 1639 1646 1662 1690 1697 1708 1710 1763 1789 1800 1819 1834 1843 1839 1841 1834
736 753 769 787 803 820 834 848 865 881 893 901 916 933 947 959 966 976 991 1000 1022 1039 1070 1089 1110 1144 1175 1196 1217 1236 1253 1283 1303 1328 1353 1371 1402 1428 1442 1455 1467 1482 1498 1510 1528 1546 1562 1565 1570 1572 1569 1560 1550 1543 1536 1537 1538 1558 1593 1611 1647 1660 1664 1655 1646 1631 1617 1608 1612 1620 1625 1630 1655 1672 1676 1671 1717 1742 1752 1757 1754 1759 1775 1798 1820 1837 1841 1837 1836 1835
726 744 753 767 791 813 825 837 859 875 888 898 906 918 937 953 965 979 989 1003 1027 1038 1071 1097 1118 1144 1177 1205 1230 1248 1258 1289 1306 1327 1359 1385 1408 1418 1434 1447 1453 1457 1480 1498 1513 1533 1553 1569 1585 1594 1593 1578 1562 1552 1546 1546 1550 1565 1578 1610 1647 1655 1664 1664 1658 1651 1634 1622 1621 1633 1642 1657 1675 1682 1688 1701 1722 1741 1750 1754 1757 1760 1775 1791 1810 1828 1837 1841 1836 1827
