SRTMGL1_28.169999999999998_103.69_28.3_103.85000000000001.asc
ncols        576
nrows        468
xllcorner    103.689861111149
yllcorner    28.170138888885
cellsize     0.000277777778
NODATA_value -32768
[rows 120 to 159 of 468, columns 450 to 539 of 576]
529 542 562 578 590 605 626 640 663 689 708 726 746 769 794 810 826 841 855 868 885 902 918 928 942 956 969 986 1011 1033 1049 1070 1084 1096 1105 1111 1114 1119 1127 1134 1138 1143 1148 1159 1172 1189 1205 1217 1228 1234 1237 1260 1281 1310 1339 1365 1386 1405 1439 1469 1480 1482 1477 1471 1456 1441 1424 1405 1393 1381 1371 1362 1356 1355 1359 1327 1287 1256 1240 1208 1210 1201 1183 1174 1163 1154 1136 1120 1102 1090
539 549 564 580 594 606 620 638 662 686 707 727 746 763 776 792 812 828 841 854 867 888 906 921 937 953 966 982 1000 1024 1049 1066 1078 1083 1087 1095 1102 1108 1117 1123 1130 1137 1145 1155 1169 1183 1200 1212 1222 1228 1231 1259 1281 1306 1349 1374 1388 1411 1446 1475 1495 1490 1489 1483 1472 1456 1439 1424 1409 1402 1393 1381 1374 1373 1375 1350 1301 1269 1237 1215 1227 1214 1196 1177 1168 1160 1145 1128 1109 1098
545 553 563 580 595 607 621 646 668 687 705 724 739 757 775 792 805 820 836 848 858 878 899 913 932 950 965 975 990 1019 1044 1059 1066 1070 1075 1084 1095 1103 1110 1115 1123 1131 1140 1152 1165 1180 1194 1206 1220 1228 1245 1263 1286 1302 1363 1389 1414 1439 1474 1498 1512 1504 1503 1498 1487 1472 1455 1439 1428 1422 1414 1400 1387 1376 1365 1351 1325 1313 1300 1244 1238 1230 1208 1184 1174 1160 1144 1130 1116 1107
552 563 573 589 604 612 629 651 671 689 702 723 741 750 765 783 799 814 835 847 859 874 889 915 936 948 969 984 998 1016 1033 1046 1056 1067 1075 1081 1091 1101 1106 1110 1116 1123 1134 1147 1159 1173 1187 1204 1218 1225 1251 1270 1297 1313 1380 1387 1426 1458 1486 1509 1534 1533 1522 1508 1498 1487 1472 1458 1450 1444 1432 1424 1407 1389 1362 1346 1331 1316 1297 1262 1241 1232 1207 1193 1179 1159 1139 1129 1117 1108
576 586 599 613 621 634 646 653 668 689 710 730 738 748 763 783 795 813 831 851 864 874 889 911 940 963 981 992 1001 1018 1030 1039 1054 1065 1073 1080 1090 1099 1104 1108 1113 1123 1136 1149 1161 1174 1186 1199 1211 1233 1257 1275 1305 1347 1377 1414 1447 1468 1499 1514 1532 1543 1536 1525 1510 1498 1482 1471 1467 1456 1451 1444 1433 1439 1382 1345 1331 1312 1293 1269 1249 1225 1206 1192 1176 1155 1136 1127 1113 1103
618 621 631 631 636 644 652 658 673 697 719 730 739 750 769 787 801 815 841 862 875 886 903 915 937 960 981 991 1004 1019 1021 1037 1054 1067 1075 1081 1088 1094 1100 1109 1119 1131 1144 1154 1162 1172 1184 1199 1217 1229 1251 1273 1310 1345 1378 1410 1448 1474 1503 1519 1539 1551 1539 1532 1518 1506 1500 1488 1477 1469 1467 1464 1455 1459 1408 1345 1332 1315 1297 1278 1257 1229 1208 1191 1172 1149 1132 1120 1109 1098
656 653 652 651 652 660 668 677 693 710 728 742 749 763 781 799 817 830 846 862 879 893 912 930 941 960 973 986 1006 1017 1026 1039 1058 1067 1074 1082 1086 1092 1099 1111 1124 1134 1145 1156 1162 1169 1183 1192 1208 1228 1249 1286 1331 1354 1384 1417 1459 1489 1504 1525 1538 1541 1557 1551 1533 1521 1511 1498 1490 1486 1485 1479 1479 1482 1399 1339 1331 1314 1295 1279 1262 1231 1215 1192 1171 1145 1131 1117 1105 1095
675 673 671 671 673 678 690 701 708 719 734 746 756 770 788 808 826 841 854 874 885 899 917 929 942 957 971 987 1006 1021 1033 1045 1055 1064 1072 1080 1085 1090 1098 1108 1120 1136 1143 1153 1159 1167 1189 1192 1211 1243 1271 1314 1345 1367 1402 1429 1462 1483 1497 1531 1542 1558 1571 1558 1548 1538 1530 1513 1508 1502 1499 1496 1495 1491 1409 1339 1327 1311 1292 1284 1267 1242 1227 1204 1177 1151 1137 1120 1105 1093
695 690 689 687 683 691 700 708 715 726 736 744 753 771 788 810 833 848 859 876 890 897 907 924 943 960 972 992 1014 1029 1040 1049 1057 1065 1073 1079 1086 1090 1096 1103 1115 1133 1141 1150 1162 1172 1179 1194 1226 1253 1299 1328 1351 1374 1398 1431 1467 1482 1493 1531 1552 1569 1574 1571 1564 1558 1546 1535 1529 1522 1519 1509 1496 1489 1387 1342 1332 1316 1302 1283 1263 1244 1231 1213 1186 1165 1153 1134 1110 1096
706 703 703 702 702 706 711 715 721 731 740 745 758 777 797 813 832 853 872 890 897 900 906 924 944 961 976 997 1018 1032 1044 1054 1062 1070 1074 1080 1086 1092 1095 1102 1113 1132 1137 1149 1166 1176 1182 1209 1241 1269 1294 1325 1375 1384 1413 1441 1470 1482 1497 1532 1566 1571 1573 1577 1579 1573 1563 1554 1549 1544 1524 1506 1493 1464 1376 1352 1334 1329 1311 1280 1257 1237 1229 1211 1187 1175 1156 1140 1122 1102
719 718 716 715 715 716 718 722 729 741 745 756 772 793 810 828 845 862 879 896 906 911 920 936 951 960 979 1000 1018 1034 1046 1056 1066 1073 1077 1082 1087 1091 1100 1102 1109 1129 1135 1144 1166 1173 1185 1201 1246 1284 1318 1337 1378 1410 1427 1456 1468 1481 1502 1546 1568 1574 1575 1584 1588 1587 1577 1571 1560 1548 1516 1496 1476 1428 1397 1388 1354 1329 1294 1271 1258 1240 1229 1208 1188 1175 1157 1141 1128 1107
731 733 733 735 730 727 729 735 743 749 757 769 788 803 817 828 839 867 889 904 912 921 930 943 954 970 985 1000 1018 1035 1047 1059 1070 1075 1079 1083 1085 1090 1099 1106 1116 1128 1138 1147 1162 1177 1190 1212 1259 1292 1319 1343 1385 1426 1449 1453 1485 1498 1534 1552 1564 1588 1579 1591 1593 1588 1579 1569 1558 1533 1502 1487 1465 1442 1423 1417 1409 1305 1288 1286 1263 1251 1233 1214 1195 1181 1168 1154 1136 1120
751 751 755 753 750 746 748 750 755 763 775 787 798 809 823 836 856 880 892 905 921 934 942 952 961 971 986 1002 1022 1039 1051 1064 1074 1078 1083 1085 1085 1089 1101 1112 1121 1132 1143 1158 1179 1184 1210 1236 1285 1318 1328 1370 1396 1454 1454 1466 1505 1521 1556 1573 1561 1575 1586 1597 1592 1582 1573 1560 1545 1526 1499 1480 1464 1452 1439 1432 1428 1349 1304 1292 1275 1261 1238 1221 1209 1194 1184 1162 1146 1134
770 772 775 775 773 770 768 768 775 781 788 800 813 822 835 851 872 887 901 913 927 940 948 957 965 974 985 1004 1031 1046 1057 1067 1077 1081 1083 1086 1088 1092 1107 1118 1126 1135 1153 1177 1188 1199 1212 1244 1280 1323 1341 1382 1413 1451 1474 1490 1529 1560 1569 1566 1571 1585 1599 1602 1588 1575 1565 1550 1531 1514 1490 1474 1463 1455 1446 1434 1407 1371 1332 1310 1296 1282 1258 1240 1231 1210 1195 1178 1163 1152
792 797 803 800 793 792 792 796 796 800 802 815 826 839 853 866 879 892 909 919 933 945 956 965 973 982 993 1021 1038 1055 1062 1068 1076 1077 1082 1088 1092 1098 1113 1121 1132 1144 1167 1189 1199 1210 1224 1254 1306 1321 1361 1401 1453 1473 1492 1531 1555 1575 1592 1578 1589 1602 1604 1598 1578 1566 1557 1540 1524 1500 1481 1466 1455 1452 1443 1426 1391 1375 1351 1332 1317 1300 1298 1272 1262 1239 1205 1197 1183 1173
822 829 832 830 830 820 825 824 827 827 833 838 847 857 869 881 894 905 916 927 941 954 965 974 981 989 1005 1024 1049 1065 1068 1075 1077 1082 1086 1092 1096 1103 1116 1126 1140 1155 1170 1202 1209 1215 1259 1282 1311 1328 1372 1414 1453 1498 1503 1534 1582 1599 1606 1593 1603 1610 1604 1588 1572 1558 1549 1534 1518 1490 1469 1457 1453 1450 1439 1421 1403 1390 1366 1354 1340 1319 1312 1297 1281 1265 1242 1223 1206 1197
852 856 860 859 856 851 848 848 849 852 857 862 867 874 882 893 903 913 922 933 946 964 976 984 988 996 1010 1042 1070 1078 1081 1083 1089 1092 1094 1098 1101 1109 1122 1134 1149 1164 1177 1204 1217 1234 1268 1289 1315 1355 1389 1434 1483 1505 1516 1539 1599 1603 1609 1611 1613 1615 1597 1583 1568 1551 1540 1526 1501 1473 1465 1456 1452 1447 1435 1424 1415 1400 1378 1370 1357 1341 1327 1310 1300 1289 1269 1252 1237 1219
872 879 882 882 881 876 871 870 872 872 874 879 885 888 891 897 908 918 926 936 954 972 985 992 1000 1018 1043 1067 1078 1086 1086 1090 1096 1099 1103 1105 1109 1118 1130 1141 1152 1165 1199 1214 1228 1242 1283 1297 1330 1376 1411 1446 1485 1505 1529 1589 1599 1615 1619 1617 1618 1609 1590 1572 1561 1541 1531 1514 1489 1474 1467 1456 1451 1444 1437 1432 1420 1401 1390 1380 1369 1352 1343 1331 1319 1312 1295 1273 1263 1242
880 889 898 904 908 896 893 897 895 890 893 892 896 898 902 907 918 928 935 944 961 977 994 1006 1027 1052 1059 1069 1081 1090 1093 1095 1097 1102 1106 1110 1117 1127 1135 1147 1157 1189 1200 1228 1242 1264 1302 1325 1369 1399 1428 1446 1503 1528 1540 1592 1617 1620 1621 1624 1616 1603 1584 1571 1552 1535 1526 1514 1496 1481 1472 1462 1453 1448 1440 1431 1422 1413 1404 1397 1383 1374 1362 1347 1336 1329 1318 1302 1281 1258
889 898 908 921 925 922 925 925 923 920 918 909 910 914 923 930 936 942 952 961 975 991 1012 1033 1044 1057 1070 1079 1087 1096 1099 1098 1099 1101 1104 1111 1121 1133 1143 1156 1164 1202 1216 1238 1257 1305 1326 1355 1388 1411 1447 1476 1519 1544 1577 1599 1625 1629 1631 1619 1609 1599 1585 1567 1548 1535 1522 1517 1506 1490 1477 1467 1459 1450 1440 1432 1428 1425 1418 1409 1397 1387 1379 1364 1356 1344 1334 1317 1297 1266
904 914 925 938 942 947 949 954 951 953 952 946 936 942 954 956 956 967 978 982 991 1014 1034 1041 1048 1062 1075 1084 1093 1099 1102 1104 1104 1105 1109 1113 1127 1142 1151 1164 1188 1199 1228 1260 1283 1298 1355 1391 1405 1417 1459 1516 1548 1577 1602 1620 1629 1631 1627 1616 1605 1594 1578 1563 1550 1538 1528 1517 1511 1495 1483 1470 1460 1453 1442 1439 1440 1441 1433 1422 1412 1402 1389 1375 1370 1358 1347 1335 1315 1289
930 940 954 961 963 970 983 981 982 984 982 976 971 975 982 980 979 998 1007 1008 1012 1030 1043 1051 1059 1070 1077 1085 1093 1099 1105 1111 1114 1115 1119 1125 1138 1151 1175 1198 1216 1245 1264 1277 1296 1361 1399 1412 1420 1455 1476 1520 1553 1583 1624 1632 1638 1631 1624 1611 1598 1587 1575 1562 1548 1540 1530 1518 1510 1502 1490 1476 1469 1462 1455 1457 1457 1457 1449 1441 1427 1417 1403 1390 1382 1375 1365 1354 1343 1315
950 965 973 982 985 993 1002 1002 1004 1005 1001 999 1001 1004 1006 1008 1015 1029 1035 1035 1042 1050 1056 1066 1076 1079 1082 1086 1093 1103 1110 1116 1122 1125 1131 1139 1151 1186 1217 1231 1246 1262 1278 1294 1339 1394 1422 1442 1451 1472 1509 1536 1579 1610 1627 1634 1637 1631 1620 1609 1593 1584 1576 1562 1551 1541 1533 1522 1515 1507 1498 1489 1483 1479 1477 1473 1473 1476 1474 1461 1443 1432 1422 1413 1401 1391 1385 1375 1358 1323
972 976 985 994 1002 1007 1010 1013 1014 1019 1018 1021 1020 1021 1026 1032 1043 1052 1051 1053 1064 1072 1081 1084 1086 1086 1084 1095 1100 1110 1115 1121 1126 1137 1147 1171 1194 1230 1251 1258 1266 1279 1303 1325 1354 1418 1445 1468 1508 1519 1530 1561 1604 1625 1641 1647 1640 1629 1620 1609 1593 1584 1578 1567 1555 1544 1535 1528 1519 1512 1505 1499 1495 1493 1492 1491 1492 1500 1499 1487 1467 1449 1443 1433 1419 1409 1401 1390 1376 1337
1047 1079 994 997 1019 1008 1009 1014 1017 1024 1032 1040 1034 1036 1050 1057 1062 1067 1070 1067 1085 1099 1102 1104 1105 1103 1104 1121 1136 1137 1131 1144 1161 1171 1203 1213 1237 1260 1273 1280 1288 1308 1334 1350 1390 1447 1467 1514 1527 1540 1554 1579 1614 1632 1632 1643 1641 1632 1622 1610 1594 1586 1581 1573 1563 1553 1544 1535 1527 1522 1518 1516 1517 1517 1512 1511 1515 1520 1517 1508 1492 1473 1457 1445 1431 1422 1418 1406 1393 1371
1164 1175 1076 1147 1093 1085 1079 1011 1015 1026 1037 1044 1045 1052 1068 1073 1071 1082 1097 1101 1117 1130 1131 1142 1141 1148 1147 1168 1175 1172 1189 1209 1213 1228 1237 1250 1262 1277 1286 1297 1315 1337 1354 1371 1399 1464 1507 1532 1533 1558 1570 1615 1642 1644 1649 1647 1640 1630 1623 1614 1603 1591 1584 1577 1570 1561 1550 1543 1538 1538 1537 1534 1532 1533 1535 1534 1535 1537 1533 1527 1512 1488 1472 1456 1443 1433 1430 1421 1408 1406
1176 1190 1215 1232 1241 1200 1231 1171 1116 1115 1112 1095 1050 1061 1078 1080 1128 1142 1143 1151 1178 1158 1164 1171 1171 1175 1189 1198 1211 1231 1240 1244 1250 1258 1270 1284 1287 1293 1308 1328 1342 1356 1374 1389 1405 1494 1515 1537 1560 1585 1605 1647 1649 1648 1650 1647 1641 1631 1623 1618 1610 1600 1589 1580 1572 1564 1555 1548 1547 1548 1549 1550 1548 1549 1549 1553 1559 1556 1548 1541 1524 1511 1492 1476 1462 1453 1440 1437 1430 1420
1193 1207 1231 1240 1244 1256 1276 1299 1302 1261 1258 1231 1199 1197 1193 1199 1292 1243 1250 1241 1259 1203 1185 1196 1194 1205 1222 1236 1246 1253 1261 1271 1283 1290 1303 1307 1313 1317 1337 1349 1366 1377 1382 1407 1462 1502 1525 1557 1584 1606 1634 1651 1639 1653 1655 1651 1641 1630 1622 1617 1608 1601 1592 1583 1576 1570 1564 1558 1557 1560 1565 1569 1571 1572 1574 1575 1577 1575 1568 1557 1543 1533 1518 1503 1491 1477 1462 1452 1448 1435
1211 1227 1244 1252 1261 1270 1279 1296 1318 1340 1348 1313 1299 1301 1297 1322 1299 1295 1292 1289 1278 1250 1198 1249 1223 1232 1266 1269 1275 1281 1292 1301 1312 1325 1332 1334 1340 1354 1370 1380 1392 1403 1416 1463 1487 1520 1557 1569 1599 1627 1644 1651 1660 1663 1659 1652 1639 1628 1624 1617 1609 1601 1594 1586 1581 1575 1570 1568 1571 1573 1575 1580 1582 1585 1587 1590 1591 1589 1584 1574 1562 1552 1537 1521 1509 1495 1480 1467 1461 1446
1223 1236 1254 1267 1274 1280 1291 1310 1330 1343 1358 1363 1366 1374 1362 1336 1317 1310 1313 1311 1285 1273 1269 1327 1262 1259 1286 1303 1315 1312 1324 1331 1342 1356 1363 1358 1370 1405 1402 1412 1422 1448 1468 1495 1537 1536 1574 1601 1626 1648 1644 1658 1667 1663 1657 1647 1639 1635 1630 1622 1610 1603 1594 1589 1581 1576 1574 1576 1577 1579 1581 1589 1592 1593 1598 1602 1604 1603 1596 1581 1568 1559 1551 1540 1526 1513 1493 1481 1473 1457
1232 1249 1264 1277 1282 1289 1297 1316 1336 1348 1360 1369 1377 1382 1385 1384 1357 1336 1351 1350 1333 1315 1337 1373 1371 1304 1324 1335 1345 1344 1349 1360 1371 1387 1406 1408 1443 1460 1446 1458 1484 1490 1504 1530 1550 1573 1592 1611 1629 1652 1666 1678 1666 1660 1654 1645 1639 1635 1629 1620 1606 1597 1588 1580 1577 1574 1570 1567 1567 1570 1580 1589 1593 1592 1589 1589 1593 1599 1599 1592 1578 1569 1557 1550 1541 1529 1511 1499 1487 1473
1244 1258 1271 1279 1286 1288 1305 1323 1335 1349 1358 1371 1382 1392 1401 1416 1425 1421 1401 1383 1375 1379 1390 1412 1422 1402 1411 1379 1376 1376 1384 1397 1408 1423 1442 1466 1484 1502 1503 1508 1516 1525 1544 1561 1575 1590 1603 1631 1653 1671 1685 1678 1657 1659 1654 1646 1640 1631 1625 1616 1600 1587 1575 1566 1567 1560 1544 1545 1546 1552 1560 1568 1575 1575 1583 1577 1587 1575 1584 1575 1572 1555 1553 1547 1537 1528 1522 1510 1489 1471
1259 1270 1280 1289 1296 1309 1324 1335 1343 1354 1366 1382 1394 1399 1411 1427 1440 1444 1431 1422 1417 1425 1425 1429 1441 1451 1472 1462 1417 1422 1432 1449 1451 1465 1486 1512 1533 1553 1551 1547 1549 1558 1578 1584 1605 1617 1641 1657 1672 1685 1688 1673 1661 1663 1656 1644 1633 1617 1610 1599 1591 1575 1566 1552 1559 1540 1531 1535 1528 1531 1537 1544 1558 1562 1554 1560 1566 1567 1560 1556 1550 1545 1537 1531 1521 1505 1502 1488 1479 1462
1274 1280 1286 1294 1306 1322 1338 1347 1356 1366 1379 1390 1399 1408 1420 1434 1446 1453 1454 1459 1462 1450 1452 1460 1466 1477 1496 1495 1470 1475 1478 1487 1504 1508 1535 1557 1575 1587 1594 1598 1593 1608 1608 1618 1637 1657 1664 1675 1685 1692 1689 1675 1666 1656 1640 1625 1610 1596 1587 1571 1566 1547 1529 1528 1520 1512 1519 1517 1510 1506 1506 1518 1523 1528 1532 1532 1529 1536 1530 1521 1517 1518 1514 1508 1492 1479 1475 1461 1450 1440
1286 1294 1300 1307 1316 1332 1350 1362 1370 1378 1387 1399 1410 1421 1431 1444 1457 1468 1480 1492 1506 1494 1504 1507 1497 1519 1520 1509 1510 1515 1519 1538 1557 1570 1589 1604 1615 1626 1626 1620 1629 1627 1629 1646 1655 1660 1665 1684 1685 1688 1686 1670 1645 1620 1608 1584 1589 1578 1559 1542 1518 1498 1505 1501 1491 1494 1487 1478 1483 1482 1493 1488 1506 1510 1491 1493 1494 1493 1500 1496 1492 1488 1483 1477 1464 1459 1439 1429 1417 1394
1306 1314 1324 1334 1342 1353 1366 1375 1380 1388 1398 1411 1422 1430 1437 1456 1470 1484 1497 1511 1523 1528 1530 1543 1551 1554 1551 1545 1549 1553 1566 1575 1593 1606 1625 1636 1653 1658 1656 1654 1654 1646 1647 1652 1651 1648 1663 1671 1673 1664 1654 1627 1619 1598 1580 1568 1566 1553 1524 1513 1476 1474 1478 1471 1470 1464 1458 1456 1468 1463 1460 1456 1455 1457 1462 1451 1458 1454 1468 1463 1459 1453 1447 1439 1426 1413 1405 1393 1366 1342
1324 1336 1351 1362 1365 1371 1381 1388 1391 1400 1411 1425 1432 1441 1452 1469 1482 1497 1508 1524 1535 1546 1559 1570 1577 1580 1585 1585 1583 1588 1597 1606 1624 1630 1646 1658 1673 1675 1684 1672 1668 1652 1650 1645 1638 1637 1652 1647 1646 1633 1620 1599 1593 1574 1560 1542 1537 1513 1488 1457 1439 1457 1443 1444 1446 1438 1431 1438 1434 1440 1438 1435 1427 1413 1399 1404 1395 1403 1414 1429 1430 1424 1421 1417 1403 1386 1374 1360 1351 1322
1352 1371 1378 1381 1385 1390 1400 1406 1409 1414 1426 1435 1447 1458 1467 1477 1492 1507 1520 1536 1551 1572 1579 1591 1602 1609 1613 1618 1620 1621 1628 1637 1642 1648 1661 1665 1664 1673 1670 1662 1657 1647 1640 1632 1632 1618 1612 1610 1609 1598 1590 1565 1535 1539 1527 1504 1495 1486 1460 1433 1434 1427 1419 1419 1413 1414 1409 1410 1422 1425 1417 1412 1400 1385 1374 1370 1369 1373 1373 1371 1384 1384 1388 1373 1362 1357 1344 1319 1304 1313
1396 1410 1406 1400 1403 1409 1419 1428 1429 1430 1441 1458 1468 1476 1483 1497 1511 1526 1534 1550 1567 1583 1596 1609 1620 1630 1646 1657 1651 1646 1649 1655 1657 1659 1662 1656 1651 1648 1644 1638 1639 1630 1621 1605 1592 1574 1570 1567 1571 1560 1538 1526 1515 1500 1482 1473 1473 1461 1439 1411 1398 1397 1390 1394 1390 1379 1376 1387 1394 1391 1395 1388 1376 1362 1344 1337 1324 1326 1337 1336 1354 1351 1354 1348 1340 1318 1300 1290 1280 1280
1429 1442 1440 1432 1427 1430 1439 1453 1452 1454 1464 1476 1488 1494 1503 1517 1533 1543 1553 1569 1584 1600 1614 1625 1636 1651 1667 1676 1672 1665 1658 1663 1663 1658 1647 1645 1635 1627 1622 1617 1607 1601 1588 1576 1569 1561 1561 1543 1526 1515 1511 1504 1490 1470 1459 1449 1445 1430 1399 1383 1372 1377 1371 1379 1373 1363 1359 1364 1372 1372 1370 1365 1354 1343 1326 1312 1306 1308 1285 1286 1303 1306 1307 1303 1297 1282 1270 1262 1249 1252
