SRTMGL1_28.169999999999998_84.83_28.3_85.01.asc
ncols        648
nrows        468
xllcorner    84.829861111146
yllcorner    28.170138888885
cellsize     0.000277777778
NODATA_value -32768
[rows 74 to 110 of 468, columns 340 to 424 of 648]
2188 2205 2223 2238 2258 2291 2313 2328 2344 2361 2389 2418 2439 2454 2459 2480 2494 2500 2502 2502 2490 2476 2474 2456 2445 2433 2417 2401 2379 2357 2340 2320 2299 2279 2262 2241 2227 2222 2228 2222 2229 2239 2243 2245 2244 2247 2254 2259 2251 2242 2231 2215 2201 2188 2177 2159 2154 2153 2155 2153 2173 2173 2183 2189 2187 2187 2192 2204 2183 2197 2208 2218 2230 2252 2254 2263 2291 2303 2325 2348 2360 2379 2375 2385 2388
2187 2205 2226 2247 2267 2297 2316 2331 2346 2361 2389 2426 2450 2442 2482 2495 2509 2515 2519 2521 2516 2514 2505 2490 2463 2447 2429 2407 2385 2365 2344 2324 2307 2291 2273 2260 2252 2255 2246 2243 2250 2257 2259 2255 2251 2263 2269 2273 2271 2265 2252 2239 2229 2222 2201 2184 2174 2173 2183 2189 2194 2206 2198 2204 2210 2210 2226 2229 2226 2222 2225 2239 2250 2259 2268 2272 2304 2323 2347 2367 2381 2388 2403 2417 2415
2195 2213 2233 2257 2277 2299 2316 2334 2354 2371 2395 2426 2452 2490 2494 2501 2513 2523 2530 2536 2537 2533 2522 2499 2479 2458 2436 2413 2392 2373 2354 2336 2325 2308 2289 2274 2275 2266 2252 2251 2266 2277 2280 2279 2283 2284 2287 2293 2291 2283 2270 2256 2246 2235 2224 2210 2197 2198 2205 2210 2213 2218 2227 2238 2237 2239 2244 2253 2263 2242 2238 2242 2249 2257 2262 2294 2320 2341 2363 2384 2395 2419 2424 2443 2439
2206 2222 2241 2265 2287 2305 2319 2338 2363 2379 2396 2426 2452 2489 2490 2504 2516 2528 2539 2545 2547 2542 2526 2504 2480 2461 2437 2415 2396 2383 2368 2358 2349 2330 2307 2299 2297 2287 2288 2292 2297 2304 2308 2311 2310 2308 2309 2311 2310 2302 2290 2279 2268 2254 2238 2223 2213 2213 2219 2222 2229 2234 2241 2259 2265 2263 2269 2271 2273 2250 2246 2247 2252 2259 2277 2311 2344 2353 2373 2396 2416 2433 2449 2463 2461
2207 2223 2240 2262 2290 2306 2321 2343 2367 2384 2403 2430 2456 2477 2486 2505 2525 2536 2542 2545 2549 2541 2525 2499 2482 2462 2441 2417 2402 2391 2384 2377 2365 2346 2332 2330 2327 2317 2306 2306 2309 2310 2317 2331 2345 2338 2334 2337 2333 2320 2310 2301 2289 2276 2263 2245 2229 2231 2231 2234 2242 2248 2259 2279 2291 2286 2283 2282 2283 2252 2258 2254 2266 2277 2291 2314 2342 2362 2381 2417 2442 2454 2469 2479 2477
2210 2223 2240 2261 2284 2307 2329 2350 2372 2390 2411 2439 2462 2467 2480 2509 2526 2540 2545 2546 2547 2544 2525 2505 2487 2469 2446 2427 2414 2409 2405 2399 2386 2367 2358 2351 2341 2324 2309 2304 2303 2317 2360 2371 2371 2367 2361 2362 2356 2342 2329 2323 2312 2297 2284 2266 2255 2251 2250 2245 2252 2264 2276 2294 2295 2293 2294 2297 2301 2302 2273 2272 2277 2294 2302 2311 2344 2367 2395 2436 2462 2475 2483 2503 2540
2209 2222 2242 2264 2285 2305 2326 2352 2371 2393 2415 2438 2455 2470 2484 2511 2527 2541 2547 2547 2553 2544 2531 2516 2497 2478 2460 2443 2430 2425 2421 2416 2401 2385 2374 2367 2361 2334 2322 2301 2297 2335 2361 2380 2393 2391 2388 2385 2382 2368 2355 2344 2330 2316 2296 2279 2270 2268 2266 2264 2269 2277 2287 2306 2315 2303 2310 2318 2321 2324 2289 2284 2294 2301 2308 2317 2346 2373 2404 2439 2465 2484 2499 2521 2530
2201 2216 2236 2264 2284 2299 2318 2345 2369 2399 2419 2434 2450 2471 2482 2509 2529 2545 2546 2553 2557 2557 2547 2531 2511 2493 2480 2470 2457 2444 2439 2429 2419 2411 2397 2389 2387 2392 2388 2412 2374 2353 2408 2408 2421 2425 2414 2403 2396 2387 2375 2362 2345 2328 2311 2292 2292 2294 2290 2282 2285 2292 2305 2328 2328 2328 2328 2329 2337 2341 2317 2308 2302 2312 2320 2333 2361 2383 2405 2431 2453 2475 2500 2529 2549
2197 2212 2232 2253 2273 2291 2312 2336 2369 2398 2422 2432 2445 2468 2486 2508 2530 2545 2554 2565 2572 2566 2553 2539 2523 2510 2498 2490 2486 2484 2471 2457 2448 2438 2422 2413 2418 2428 2434 2441 2451 2455 2441 2434 2438 2441 2432 2424 2415 2404 2391 2379 2365 2348 2334 2321 2311 2309 2306 2304 2304 2313 2326 2333 2338 2341 2349 2353 2356 2359 2342 2335 2321 2318 2338 2353 2370 2389 2406 2428 2450 2478 2508 2531 2552
2209 2229 2240 2250 2267 2287 2310 2332 2364 2391 2415 2430 2449 2464 2481 2503 2524 2544 2573 2579 2579 2574 2565 2553 2548 2540 2526 2511 2511 2507 2495 2480 2476 2465 2448 2440 2434 2431 2435 2447 2462 2472 2471 2460 2454 2453 2451 2447 2441 2422 2401 2392 2380 2365 2349 2336 2334 2332 2332 2333 2329 2330 2339 2348 2343 2360 2373 2374 2373 2381 2387 2362 2352 2354 2354 2368 2384 2398 2414 2430 2452 2480 2514 2542 2555
2215 2241 2255 2261 2271 2293 2322 2346 2371 2395 2411 2433 2456 2471 2482 2500 2525 2543 2566 2585 2589 2587 2577 2568 2563 2563 2548 2531 2521 2524 2510 2498 2490 2482 2474 2467 2459 2446 2454 2465 2476 2494 2488 2486 2490 2488 2474 2469 2458 2435 2421 2411 2399 2381 2360 2354 2351 2353 2354 2348 2352 2358 2368 2363 2366 2381 2391 2388 2390 2398 2406 2378 2376 2366 2365 2364 2385 2405 2421 2435 2459 2480 2508 2542 2558
2231 2246 2260 2270 2288 2315 2340 2363 2382 2402 2419 2438 2461 2479 2489 2507 2539 2558 2579 2596 2601 2601 2598 2587 2581 2577 2570 2550 2548 2547 2539 2520 2509 2503 2496 2493 2484 2471 2467 2484 2495 2492 2484 2493 2507 2502 2497 2487 2472 2457 2444 2430 2413 2396 2384 2380 2386 2372 2367 2371 2379 2389 2388 2386 2394 2403 2409 2407 2407 2416 2422 2429 2389 2379 2374 2380 2386 2404 2423 2439 2464 2486 2519 2550 2566
2240 2251 2267 2287 2309 2337 2360 2373 2388 2408 2425 2446 2472 2491 2505 2525 2547 2573 2594 2608 2620 2624 2624 2615 2608 2604 2590 2578 2571 2573 2564 2544 2529 2522 2516 2503 2499 2503 2502 2539 2557 2549 2507 2502 2506 2515 2516 2507 2494 2481 2468 2453 2436 2422 2413 2411 2405 2394 2382 2383 2387 2390 2391 2403 2419 2425 2433 2431 2432 2436 2443 2446 2414 2396 2391 2392 2395 2411 2425 2441 2468 2497 2525 2552 2570
2253 2262 2278 2302 2323 2344 2363 2377 2397 2420 2446 2468 2486 2501 2516 2536 2565 2592 2613 2625 2637 2644 2644 2640 2639 2631 2615 2596 2589 2591 2585 2572 2560 2555 2544 2531 2528 2531 2537 2546 2557 2567 2556 2542 2542 2539 2535 2527 2516 2509 2492 2474 2458 2442 2430 2420 2413 2417 2406 2410 2406 2420 2421 2434 2443 2451 2461 2462 2453 2454 2460 2468 2442 2433 2405 2401 2416 2417 2429 2449 2476 2506 2531 2552 2572
2269 2275 2292 2312 2329 2348 2368 2387 2409 2428 2449 2481 2495 2514 2532 2551 2584 2612 2624 2631 2662 2655 2663 2662 2658 2650 2631 2617 2613 2612 2605 2591 2582 2572 2559 2546 2548 2551 2547 2553 2568 2580 2583 2584 2579 2574 2566 2556 2545 2529 2510 2487 2477 2465 2447 2434 2427 2429 2423 2418 2423 2429 2442 2469 2469 2471 2479 2481 2473 2472 2480 2488 2490 2452 2422 2425 2420 2429 2431 2455 2484 2510 2526 2537 2559
2278 2288 2306 2320 2333 2350 2373 2401 2411 2427 2446 2475 2502 2529 2552 2572 2593 2617 2633 2659 2661 2671 2675 2674 2668 2659 2646 2635 2630 2626 2625 2617 2599 2586 2573 2567 2572 2572 2564 2563 2575 2584 2590 2594 2592 2596 2591 2584 2574 2558 2516 2492 2484 2477 2461 2456 2459 2439 2443 2443 2447 2462 2475 2495 2503 2497 2500 2500 2498 2495 2499 2500 2504 2473 2462 2440 2439 2437 2455 2463 2491 2507 2521 2537 2556
2290 2303 2316 2329 2337 2356 2375 2401 2412 2427 2443 2471 2515 2545 2567 2582 2608 2630 2654 2672 2685 2690 2698 2695 2686 2678 2673 2668 2654 2647 2645 2631 2622 2610 2594 2587 2595 2591 2577 2576 2584 2592 2593 2593 2613 2623 2623 2613 2592 2569 2545 2521 2509 2493 2480 2474 2482 2458 2467 2473 2477 2484 2507 2524 2533 2524 2534 2537 2522 2514 2509 2508 2511 2520 2464 2458 2463 2461 2466 2471 2489 2507 2525 2553 2576
2307 2315 2323 2332 2349 2360 2378 2398 2410 2426 2449 2477 2514 2540 2564 2587 2617 2643 2675 2719 2718 2718 2724 2722 2714 2704 2699 2693 2683 2669 2660 2650 2643 2639 2622 2616 2616 2611 2606 2603 2604 2618 2630 2631 2632 2642 2648 2637 2617 2594 2578 2554 2531 2516 2497 2496 2485 2484 2493 2498 2503 2518 2530 2550 2558 2570 2567 2568 2562 2543 2526 2523 2523 2521 2498 2499 2481 2473 2468 2489 2497 2518 2534 2563 2584
2315 2320 2326 2334 2347 2373 2386 2409 2425 2435 2452 2478 2507 2533 2561 2594 2634 2652 2681 2703 2720 2729 2738 2741 2736 2728 2722 2714 2705 2695 2687 2681 2677 2661 2643 2635 2646 2646 2641 2631 2632 2643 2649 2644 2650 2662 2668 2661 2638 2612 2592 2580 2562 2536 2519 2519 2511 2512 2519 2524 2539 2551 2558 2567 2573 2586 2578 2584 2584 2572 2559 2546 2539 2529 2525 2505 2492 2481 2490 2503 2506 2526 2550 2573 2583
2318 2325 2335 2350 2360 2385 2401 2422 2437 2445 2462 2480 2505 2539 2565 2598 2636 2659 2682 2691 2715 2732 2744 2749 2749 2746 2742 2733 2722 2712 2711 2705 2697 2683 2662 2662 2670 2677 2671 2660 2658 2666 2673 2659 2667 2685 2685 2681 2659 2626 2608 2599 2581 2557 2536 2534 2540 2538 2545 2552 2560 2564 2573 2581 2591 2605 2610 2605 2601 2597 2585 2571 2560 2558 2517 2514 2509 2505 2505 2507 2527 2547 2564 2582 2614
2323 2335 2350 2366 2383 2396 2409 2431 2447 2457 2466 2483 2510 2537 2564 2599 2627 2651 2673 2693 2716 2734 2749 2762 2763 2759 2755 2750 2740 2733 2729 2724 2713 2698 2689 2687 2696 2698 2690 2680 2684 2692 2699 2703 2702 2702 2697 2688 2668 2642 2624 2609 2596 2586 2570 2554 2563 2564 2567 2570 2578 2586 2593 2596 2610 2626 2640 2622 2619 2613 2604 2591 2580 2580 2538 2539 2533 2531 2529 2534 2556 2564 2588 2616 2653
2332 2346 2359 2376 2391 2405 2439 2455 2449 2454 2468 2481 2513 2534 2562 2601 2624 2641 2667 2685 2704 2725 2751 2769 2770 2767 2763 2764 2759 2752 2748 2743 2732 2719 2706 2709 2714 2713 2701 2703 2708 2714 2718 2717 2717 2711 2701 2692 2678 2661 2639 2623 2610 2600 2596 2590 2580 2588 2586 2590 2600 2605 2608 2614 2623 2642 2654 2651 2642 2633 2623 2609 2597 2591 2557 2552 2564 2561 2558 2560 2569 2582 2609 2645 2676
2352 2357 2370 2387 2402 2411 2434 2455 2461 2466 2467 2483 2512 2533 2576 2596 2618 2632 2653 2675 2699 2717 2745 2768 2776 2777 2778 2779 2774 2771 2771 2769 2759 2741 2734 2736 2747 2736 2727 2723 2727 2735 2737 2733 2723 2711 2704 2696 2685 2663 2645 2630 2617 2608 2604 2608 2612 2608 2601 2604 2602 2616 2618 2636 2646 2669 2672 2665 2659 2650 2632 2616 2605 2602 2606 2587 2585 2585 2578 2574 2575 2593 2629 2677 2701
2373 2378 2381 2399 2416 2431 2447 2454 2465 2477 2488 2495 2496 2518 2586 2599 2613 2631 2654 2677 2701 2721 2735 2760 2777 2786 2792 2792 2794 2794 2792 2788 2777 2765 2753 2758 2766 2767 2760 2748 2752 2758 2760 2750 2730 2719 2712 2703 2684 2667 2655 2646 2636 2629 2628 2638 2652 2630 2619 2614 2617 2625 2631 2657 2667 2675 2687 2670 2671 2661 2649 2635 2626 2625 2628 2610 2615 2611 2600 2595 2599 2616 2649 2696 2715
2388 2391 2400 2413 2422 2437 2449 2457 2467 2478 2489 2498 2504 2553 2573 2589 2610 2640 2655 2674 2696 2720 2738 2754 2771 2788 2799 2803 2807 2810 2812 2809 2801 2784 2775 2776 2776 2774 2773 2775 2782 2790 2782 2768 2752 2741 2727 2709 2692 2680 2670 2665 2663 2661 2662 2663 2665 2654 2639 2630 2641 2650 2658 2678 2681 2689 2704 2690 2693 2684 2669 2660 2650 2641 2636 2623 2631 2629 2621 2612 2621 2639 2668 2700 2713
2398 2404 2413 2423 2432 2443 2456 2461 2470 2481 2492 2500 2525 2555 2576 2585 2615 2638 2652 2664 2685 2710 2732 2747 2762 2782 2799 2806 2813 2820 2826 2825 2819 2808 2799 2792 2790 2786 2791 2806 2809 2806 2801 2790 2776 2756 2735 2719 2714 2700 2689 2686 2687 2687 2681 2673 2674 2676 2661 2669 2668 2673 2683 2690 2700 2712 2730 2722 2722 2715 2704 2688 2671 2660 2653 2655 2654 2648 2634 2632 2638 2667 2677 2704 2721
2406 2415 2427 2439 2450 2459 2463 2468 2475 2484 2491 2509 2536 2561 2577 2594 2620 2642 2649 2664 2683 2699 2716 2737 2757 2778 2797 2807 2817 2830 2840 2840 2838 2834 2823 2817 2813 2811 2839 2835 2827 2823 2818 2807 2789 2766 2744 2739 2730 2721 2723 2715 2712 2709 2699 2691 2689 2694 2684 2692 2691 2696 2700 2707 2723 2741 2762 2758 2759 2751 2733 2711 2694 2681 2673 2672 2673 2672 2657 2652 2665 2674 2690 2711 2732
2424 2431 2441 2450 2459 2465 2470 2476 2484 2495 2506 2524 2542 2561 2590 2645 2639 2643 2652 2663 2679 2692 2707 2727 2748 2772 2791 2807 2818 2836 2848 2853 2852 2848 2845 2842 2843 2851 2860 2864 2850 2845 2833 2816 2800 2787 2774 2764 2752 2740 2742 2743 2737 2731 2724 2725 2728 2720 2740 2724 2722 2712 2712 2722 2747 2774 2793 2787 2786 2770 2750 2733 2714 2697 2696 2698 2698 2688 2672 2666 2667 2691 2709 2735 2752
2435 2440 2446 2453 2461 2468 2478 2487 2497 2509 2521 2530 2540 2568 2636 2650 2644 2654 2645 2663 2680 2697 2706 2723 2742 2757 2779 2802 2817 2834 2844 2853 2853 2852 2849 2849 2858 2871 2876 2874 2866 2854 2841 2825 2812 2803 2797 2791 2774 2766 2775 2770 2758 2748 2746 2760 2760 2758 2764 2750 2746 2737 2731 2750 2769 2795 2813 2811 2807 2792 2767 2748 2736 2723 2714 2712 2719 2699 2688 2687 2694 2720 2727 2747 2758
2447 2452 2459 2468 2470 2480 2492 2503 2513 2519 2529 2541 2545 2609 2647 2650 2660 2660 2660 2678 2700 2706 2711 2722 2745 2759 2773 2791 2816 2828 2840 2848 2852 2854 2854 2857 2865 2888 2890 2885 2873 2859 2845 2831 2819 2810 2807 2802 2792 2791 2793 2789 2776 2765 2776 2788 2795 2790 2789 2795 2770 2759 2760 2772 2795 2807 2829 2829 2827 2811 2794 2779 2764 2745 2736 2730 2732 2722 2718 2720 2724 2721 2741 2757 2770
2455 2462 2472 2476 2480 2490 2508 2520 2526 2532 2543 2547 2581 2639 2643 2648 2653 2659 2669 2686 2700 2710 2707 2725 2741 2759 2777 2801 2818 2830 2839 2846 2856 2863 2866 2857 2878 2898 2910 2904 2891 2878 2864 2851 2833 2825 2826 2827 2813 2811 2818 2819 2804 2799 2803 2815 2818 2813 2807 2807 2800 2782 2781 2802 2810 2827 2841 2852 2843 2832 2819 2802 2784 2770 2760 2754 2751 2787 2751 2747 2755 2749 2752 2767 2785
2456 2465 2475 2481 2481 2506 2521 2530 2537 2549 2554 2574 2619 2635 2646 2650 2656 2662 2671 2686 2700 2719 2723 2736 2746 2753 2771 2804 2822 2831 2839 2851 2865 2872 2870 2886 2913 2925 2924 2921 2916 2901 2885 2868 2852 2843 2842 2840 2837 2838 2844 2843 2842 2832 2827 2830 2831 2831 2825 2821 2821 2811 2814 2809 2821 2856 2863 2862 2859 2851 2840 2821 2803 2792 2781 2772 2769 2776 2780 2780 2780 2769 2771 2786 2804
2464 2474 2487 2489 2529 2544 2529 2543 2557 2567 2575 2596 2615 2636 2648 2651 2657 2660 2670 2684 2695 2712 2726 2742 2754 2760 2774 2793 2822 2835 2856 2855 2875 2890 2900 2917 2936 2936 2933 2933 2928 2920 2908 2888 2877 2871 2865 2858 2851 2857 2861 2862 2867 2856 2851 2853 2856 2851 2845 2839 2839 2831 2829 2836 2856 2868 2892 2880 2882 2874 2862 2848 2831 2814 2804 2799 2795 2792 2820 2846 2801 2790 2792 2799 2809
2500 2510 2515 2536 2574 2573 2572 2571 2577 2589 2597 2604 2613 2633 2649 2662 2658 2667 2675 2688 2705 2722 2739 2756 2769 2775 2783 2796 2812 2834 2856 2867 2884 2900 2916 2931 2941 2946 2945 2945 2941 2935 2922 2910 2899 2890 2884 2876 2871 2870 2876 2877 2881 2887 2884 2886 2886 2883 2876 2865 2862 2867 2852 2857 2871 2894 2915 2906 2905 2901 2884 2874 2858 2842 2832 2826 2819 2822 2821 2841 2819 2809 2799 2802 2803
2500 2519 2538 2564 2574 2583 2588 2588 2594 2599 2603 2607 2617 2634 2653 2664 2671 2678 2684 2696 2712 2729 2750 2770 2784 2789 2794 2800 2807 2825 2845 2869 2892 2911 2928 2940 2945 2951 2953 2953 2951 2941 2931 2922 2912 2902 2896 2894 2890 2885 2882 2883 2900 2910 2912 2907 2900 2897 2887 2880 2880 2891 2884 2894 2900 2928 2938 2926 2927 2918 2904 2893 2880 2861 2854 2848 2839 2834 2835 2852 2842 2821 2805 2806 2820
2505 2520 2543 2560 2573 2587 2598 2602 2603 2604 2611 2618 2625 2631 2650 2664 2672 2683 2702 2714 2727 2740 2754 2771 2789 2798 2802 2809 2817 2829 2844 2865 2891 2916 2936 2949 2959 2966 2975 2974 2965 2953 2944 2934 2924 2916 2911 2912 2914 2920 2921 2925 2928 2927 2928 2917 2911 2907 2903 2898 2906 2907 2909 2913 2936 2943 2949 2939 2938 2933 2920 2908 2892 2879 2873 2868 2863 2854 2850 2862 2847 2843 2820 2822 2839
2518 2527 2544 2565 2577 2594 2604 2608 2615 2620 2626 2633 2635 2641 2653 2664 2676 2684 2717 2724 2737 2740 2751 2773 2794 2806 2813 2819 2829 2839 2852 2867 2888 2913 2936 2957 2974 2980 2989 2989 2983 2976 2966 2955 2943 2932 2931 2932 2935 2938 2945 2947 2945 2946 2941 2936 2932 2934 2918 2917 2927 2928 2929 2941 2951 2962 2957 2952 2950 2946 2938 2925 2910 2895 2886 2881 2875 2868 2867 2875 2883 2858 2842 2845 2842
