SRTMGL1_28.169999999999998_85.03_28.3_85.21000000000001.asc
ncols        648
nrows        468
xllcorner    85.029861111146
yllcorner    28.170138888885
cellsize     0.000277777778
NODATA_value -32768
[rows 38 to 75 of 468, columns 168 to 251 of 648]
3682 3667 3641 3627 3608 3593 3581 3571 3558 3527 3502 3481 3462 3437 3402 3387 3337 3315 3282 3253 3234 3220 3197 3171 3155 3128 3108 3099 3096 3093 3095 3104 3108 3112 3105 3119 3129 3149 3162 3160 3157 3156 3157 3175 3179 3191 3204 3222 3251 3295 3311 3335 3346 3370 3399 3403 3446 3463 3492 3514 3533 3536 3554 3575 3617 3624 3624 3665 3674 3678 3696 3722 3754 3788 3801 3807 3807 3810 3813 3811 3815 3822 3829 3836
3695 3684 3682 3661 3634 3618 3600 3589 3577 3555 3528 3496 3475 3460 3460 3420 3374 3318 3293 3269 3248 3217 3195 3171 3147 3123 3109 3098 3094 3100 3090 3093 3093 3093 3090 3098 3114 3127 3141 3151 3155 3158 3162 3175 3184 3196 3208 3225 3257 3299 3327 3347 3369 3406 3408 3435 3471 3489 3494 3516 3533 3542 3556 3584 3627 3637 3663 3680 3675 3677 3690 3705 3725 3748 3765 3776 3783 3803 3812 3815 3813 3813 3820 3823
3713 3703 3695 3684 3669 3638 3623 3607 3592 3571 3552 3532 3493 3479 3458 3462 3418 3364 3323 3290 3248 3234 3190 3170 3151 3117 3104 3099 3096 3094 3090 3074 3072 3075 3073 3082 3091 3112 3132 3134 3145 3157 3166 3185 3192 3201 3212 3239 3270 3294 3342 3370 3391 3411 3443 3470 3492 3506 3511 3519 3535 3550 3508 3514 3586 3639 3657 3658 3663 3671 3678 3686 3701 3719 3734 3754 3770 3789 3804 3805 3809 3808 3806 3809
3726 3721 3705 3693 3687 3667 3637 3616 3602 3584 3573 3542 3521 3487 3469 3449 3455 3408 3358 3313 3273 3244 3203 3171 3152 3112 3103 3096 3095 3085 3076 3067 3069 3070 3067 3074 3086 3099 3116 3130 3141 3148 3164 3185 3196 3207 3233 3263 3291 3319 3369 3394 3409 3447 3474 3522 3520 3527 3522 3553 3558 3560 3573 3585 3612 3647 3640 3638 3642 3651 3665 3666 3672 3698 3723 3742 3752 3762 3782 3782 3782 3782 3773 3776
3737 3725 3715 3698 3688 3673 3658 3632 3618 3596 3579 3552 3544 3503 3477 3454 3449 3414 3373 3324 3276 3246 3210 3175 3136 3120 3107 3095 3089 3072 3061 3055 3054 3062 3066 3069 3080 3094 3110 3127 3135 3147 3165 3187 3204 3219 3255 3285 3307 3331 3376 3401 3429 3478 3528 3524 3536 3555 3568 3562 3565 3574 3585 3589 3608 3620 3627 3624 3625 3634 3641 3642 3657 3686 3708 3718 3727 3728 3724 3730 3752 3751 3746 3746
3738 3729 3718 3708 3693 3683 3673 3656 3631 3601 3581 3567 3539 3499 3476 3458 3456 3426 3380 3313 3281 3252 3213 3160 3137 3118 3101 3086 3073 3064 3056 3054 3048 3053 3066 3074 3077 3092 3113 3125 3136 3149 3165 3188 3207 3241 3277 3307 3330 3346 3379 3415 3456 3491 3522 3533 3554 3556 3560 3556 3553 3559 3576 3579 3581 3590 3606 3607 3603 3605 3606 3627 3652 3668 3678 3684 3693 3700 3698 3701 3714 3725 3728 3736
3739 3732 3721 3714 3711 3688 3673 3648 3629 3607 3587 3565 3544 3509 3479 3461 3451 3421 3357 3306 3284 3259 3213 3161 3131 3104 3088 3081 3071 3066 3059 3051 3048 3056 3072 3076 3084 3098 3106 3116 3127 3149 3172 3197 3218 3245 3281 3311 3332 3360 3378 3423 3449 3484 3506 3530 3548 3555 3555 3536 3540 3541 3545 3556 3565 3561 3560 3570 3573 3572 3581 3601 3625 3638 3641 3649 3670 3677 3675 3673 3683 3695 3709 3722
3747 3735 3720 3715 3714 3693 3672 3647 3629 3609 3593 3560 3546 3507 3479 3459 3438 3424 3364 3308 3276 3260 3217 3174 3147 3106 3081 3078 3070 3062 3054 3051 3050 3057 3069 3082 3091 3096 3103 3109 3126 3159 3177 3209 3232 3249 3274 3312 3329 3364 3387 3422 3447 3461 3487 3514 3533 3541 3544 3536 3515 3515 3514 3520 3528 3535 3533 3533 3542 3556 3569 3585 3591 3594 3597 3615 3640 3654 3650 3653 3659 3669 3684 3696
3741 3721 3715 3710 3699 3672 3655 3634 3620 3596 3584 3553 3528 3498 3475 3459 3440 3396 3348 3302 3276 3247 3214 3178 3140 3108 3090 3086 3073 3062 3050 3046 3047 3055 3062 3080 3095 3095 3097 3108 3123 3156 3183 3215 3234 3253 3278 3287 3323 3352 3382 3410 3425 3442 3456 3469 3487 3504 3500 3498 3485 3487 3484 3482 3490 3493 3501 3512 3521 3546 3557 3557 3555 3564 3575 3588 3610 3618 3617 3623 3632 3647 3664 3679
3715 3711 3707 3697 3676 3664 3629 3626 3599 3594 3563 3531 3502 3492 3452 3434 3417 3386 3349 3314 3273 3244 3224 3174 3128 3105 3084 3078 3068 3060 3050 3045 3048 3054 3057 3068 3099 3101 3096 3117 3116 3127 3180 3215 3235 3253 3273 3289 3309 3331 3359 3371 3397 3417 3425 3423 3427 3440 3444 3454 3451 3446 3446 3446 3447 3453 3464 3473 3491 3512 3528 3532 3538 3548 3557 3563 3570 3570 3577 3604 3613 3622 3639 3659
3708 3711 3703 3668 3662 3629 3623 3602 3587 3559 3532 3503 3492 3458 3433 3418 3392 3372 3331 3319 3278 3257 3221 3172 3105 3088 3080 3068 3055 3057 3053 3054 3055 3058 3065 3077 3098 3113 3116 3120 3124 3143 3178 3205 3219 3231 3256 3278 3292 3309 3323 3338 3359 3376 3386 3385 3393 3404 3398 3397 3413 3417 3409 3408 3411 3417 3429 3436 3439 3454 3462 3481 3505 3523 3531 3538 3543 3544 3563 3580 3587 3584 3606 3638
3682 3679 3674 3666 3631 3625 3603 3587 3563 3528 3498 3471 3446 3433 3423 3414 3371 3345 3315 3290 3273 3254 3225 3151 3112 3067 3070 3057 3051 3054 3058 3062 3063 3070 3085 3100 3093 3123 3123 3129 3137 3157 3183 3199 3211 3226 3243 3259 3280 3297 3306 3309 3331 3341 3341 3353 3356 3359 3369 3375 3381 3375 3366 3367 3377 3387 3397 3405 3409 3416 3428 3444 3455 3475 3495 3508 3523 3524 3529 3547 3556 3568 3591 3623
3654 3654 3654 3632 3623 3604 3568 3548 3520 3483 3469 3445 3434 3415 3407 3366 3341 3317 3289 3269 3250 3230 3205 3139 3066 3069 3054 3061 3050 3055 3064 3072 3078 3093 3109 3116 3122 3127 3130 3130 3131 3153 3172 3182 3190 3205 3213 3235 3259 3275 3276 3280 3290 3310 3314 3308 3308 3327 3335 3337 3340 3343 3340 3341 3347 3358 3365 3375 3382 3384 3394 3412 3428 3443 3468 3475 3480 3495 3514 3518 3531 3558 3586 3610
3618 3617 3622 3614 3594 3572 3536 3508 3482 3465 3425 3425 3405 3388 3365 3341 3324 3285 3262 3249 3228 3208 3177 3124 3073 3060 3054 3054 3051 3055 3071 3087 3102 3120 3134 3141 3147 3150 3156 3153 3144 3155 3165 3175 3184 3188 3192 3200 3207 3230 3248 3254 3270 3280 3286 3283 3287 3295 3300 3303 3305 3314 3321 3324 3329 3333 3340 3350 3357 3356 3366 3384 3402 3422 3436 3449 3458 3462 3476 3497 3514 3544 3567 3586
3558 3583 3587 3565 3558 3534 3507 3473 3452 3429 3415 3404 3386 3363 3334 3314 3278 3266 3246 3229 3201 3183 3163 3125 3094 3060 3060 3058 3058 3069 3078 3102 3128 3143 3152 3163 3175 3181 3186 3190 3187 3177 3178 3182 3183 3182 3185 3185 3189 3196 3210 3229 3241 3250 3259 3269 3275 3279 3281 3283 3285 3285 3287 3298 3306 3312 3319 3335 3337 3337 3346 3362 3379 3394 3406 3429 3435 3434 3444 3483 3495 3502 3531 3571
3534 3539 3544 3537 3517 3505 3471 3448 3432 3412 3395 3368 3329 3329 3313 3280 3266 3243 3225 3212 3175 3161 3130 3116 3091 3075 3061 3068 3069 3076 3092 3130 3148 3162 3167 3183 3197 3204 3203 3210 3210 3208 3210 3216 3210 3196 3193 3193 3197 3216 3224 3223 3227 3237 3242 3249 3265 3274 3279 3281 3276 3265 3268 3279 3297 3306 3310 3316 3325 3327 3333 3340 3356 3368 3379 3396 3416 3418 3427 3439 3465 3490 3515 3550
3513 3523 3519 3515 3502 3477 3457 3445 3417 3396 3369 3329 3325 3310 3274 3273 3258 3239 3215 3189 3174 3157 3112 3083 3086 3080 3073 3081 3081 3090 3106 3131 3155 3174 3189 3204 3217 3227 3229 3220 3221 3226 3239 3247 3246 3240 3226 3227 3239 3245 3245 3237 3226 3223 3239 3262 3273 3282 3290 3289 3286 3284 3283 3297 3303 3307 3312 3317 3324 3329 3331 3333 3340 3350 3366 3385 3391 3396 3400 3407 3436 3465 3492 3520
3489 3497 3507 3503 3488 3483 3463 3442 3416 3391 3362 3333 3314 3289 3277 3266 3253 3234 3202 3175 3163 3134 3113 3085 3076 3082 3088 3100 3099 3110 3124 3143 3166 3188 3205 3219 3238 3255 3259 3247 3243 3250 3262 3268 3267 3258 3257 3259 3261 3255 3246 3236 3231 3238 3251 3267 3288 3305 3295 3297 3312 3318 3326 3336 3344 3340 3332 3330 3335 3341 3342 3339 3336 3344 3356 3368 3376 3379 3386 3401 3421 3447 3470 3491
3463 3478 3491 3490 3485 3461 3449 3437 3412 3398 3366 3328 3308 3291 3281 3265 3249 3229 3168 3166 3138 3117 3082 3074 3075 3082 3093 3100 3109 3126 3139 3151 3173 3203 3227 3255 3270 3278 3305 3290 3273 3272 3278 3286 3279 3272 3269 3275 3269 3255 3238 3234 3269 3270 3283 3297 3293 3297 3314 3312 3321 3334 3345 3352 3353 3351 3350 3345 3349 3353 3353 3347 3340 3344 3350 3358 3361 3370 3383 3398 3412 3432 3449 3464
3451 3462 3469 3465 3459 3455 3443 3436 3431 3410 3360 3333 3322 3298 3287 3268 3253 3184 3157 3129 3123 3082 3058 3060 3072 3075 3085 3100 3113 3129 3140 3146 3180 3214 3251 3276 3298 3310 3333 3331 3327 3305 3292 3298 3297 3287 3284 3284 3306 3312 3316 3302 3306 3313 3317 3330 3339 3335 3331 3321 3325 3340 3348 3351 3357 3364 3368 3368 3369 3371 3370 3361 3353 3354 3364 3365 3365 3372 3386 3392 3401 3416 3428 3447
3436 3444 3447 3454 3449 3447 3446 3440 3428 3424 3372 3353 3318 3304 3279 3250 3225 3164 3136 3113 3085 3055 3053 3052 3054 3056 3071 3081 3096 3110 3139 3163 3187 3224 3259 3291 3310 3344 3354 3362 3360 3362 3358 3335 3310 3323 3353 3385 3376 3379 3359 3357 3343 3341 3357 3372 3371 3367 3363 3359 3327 3345 3356 3359 3369 3377 3379 3380 3386 3393 3392 3384 3376 3382 3386 3386 3379 3384 3388 3391 3398 3402 3414 3429
3405 3419 3429 3431 3431 3437 3440 3432 3428 3419 3387 3351 3320 3299 3288 3253 3209 3157 3106 3090 3064 3048 3037 3034 3038 3041 3058 3072 3082 3102 3138 3171 3196 3220 3268 3309 3331 3350 3376 3389 3394 3390 3386 3376 3391 3423 3421 3416 3407 3398 3389 3399 3401 3393 3385 3379 3380 3395 3393 3394 3402 3367 3387 3385 3393 3405 3406 3411 3416 3419 3417 3406 3404 3403 3406 3422 3413 3402 3404 3407 3406 3405 3410 3416
3355 3390 3403 3397 3410 3415 3426 3424 3426 3409 3380 3350 3311 3289 3284 3256 3203 3154 3102 3062 3052 3034 3029 3025 3028 3038 3046 3053 3075 3087 3130 3165 3194 3221 3262 3306 3336 3365 3387 3397 3400 3411 3409 3407 3433 3434 3434 3433 3420 3427 3442 3456 3420 3409 3415 3428 3423 3433 3434 3428 3429 3450 3434 3414 3424 3427 3435 3438 3438 3444 3437 3429 3425 3425 3423 3423 3427 3424 3431 3434 3428 3419 3417 3418
3321 3339 3371 3370 3383 3409 3408 3415 3416 3385 3361 3337 3315 3290 3257 3244 3200 3154 3091 3068 3039 3029 3028 3019 3025 3034 3040 3049 3074 3087 3121 3156 3190 3213 3265 3307 3330 3358 3378 3386 3394 3401 3411 3422 3452 3447 3446 3444 3452 3460 3464 3471 3430 3437 3441 3467 3462 3473 3472 3473 3499 3521 3503 3493 3477 3468 3466 3450 3460 3467 3465 3457 3455 3452 3447 3447 3432 3434 3451 3454 3441 3430 3425 3424
3305 3320 3321 3352 3357 3373 3382 3393 3392 3360 3352 3322 3293 3263 3244 3232 3193 3149 3096 3073 3052 3031 3025 3021 3033 3033 3034 3048 3078 3089 3103 3144 3181 3201 3241 3286 3316 3336 3362 3377 3388 3387 3389 3416 3470 3471 3483 3495 3499 3492 3489 3494 3505 3478 3486 3504 3498 3503 3500 3499 3500 3537 3531 3525 3520 3511 3509 3499 3487 3488 3485 3479 3476 3479 3485 3500 3505 3470 3471 3468 3462 3454 3452 3445
3299 3299 3314 3312 3305 3335 3343 3356 3363 3351 3321 3308 3283 3253 3240 3214 3189 3143 3105 3085 3066 3046 3032 3035 3029 3031 3024 3037 3061 3086 3102 3127 3161 3195 3209 3258 3299 3311 3347 3389 3390 3389 3393 3446 3464 3480 3502 3518 3520 3517 3519 3527 3541 3550 3555 3523 3528 3529 3519 3534 3540 3545 3538 3529 3532 3531 3529 3522 3533 3516 3494 3489 3496 3498 3503 3516 3530 3509 3494 3498 3499 3488 3480 3482
3308 3291 3285 3282 3287 3296 3281 3324 3324 3323 3305 3295 3281 3252 3229 3213 3187 3159 3139 3107 3069 3063 3046 3034 3029 3020 3021 3027 3048 3077 3093 3107 3127 3158 3192 3225 3266 3309 3330 3380 3390 3387 3402 3435 3467 3489 3502 3517 3534 3544 3547 3555 3563 3572 3575 3589 3598 3576 3559 3555 3557 3572 3571 3562 3555 3552 3557 3559 3554 3539 3516 3511 3509 3510 3521 3540 3545 3526 3512 3518 3518 3508 3497 3494
3312 3293 3288 3274 3263 3265 3257 3276 3291 3299 3297 3282 3270 3251 3221 3210 3192 3181 3156 3140 3108 3067 3052 3028 3021 3010 3015 3016 3022 3044 3074 3089 3111 3143 3189 3218 3246 3296 3336 3363 3376 3393 3410 3428 3468 3492 3509 3524 3542 3552 3560 3568 3579 3593 3603 3606 3607 3619 3610 3575 3571 3591 3594 3585 3587 3586 3584 3583 3579 3563 3550 3542 3539 3547 3556 3564 3565 3553 3545 3541 3543 3531 3519 3513
3319 3317 3289 3267 3235 3228 3223 3227 3249 3270 3278 3270 3246 3236 3210 3197 3189 3183 3171 3156 3146 3089 3048 3033 3024 3011 3011 3017 3022 3035 3060 3080 3106 3129 3167 3190 3234 3279 3333 3352 3376 3401 3419 3431 3454 3481 3491 3512 3530 3547 3563 3578 3590 3601 3610 3617 3620 3621 3629 3638 3627 3620 3637 3625 3626 3629 3619 3609 3603 3601 3595 3571 3568 3574 3580 3571 3570 3568 3563 3565 3561 3554 3543 3547
3359 3314 3270 3236 3227 3219 3218 3218 3221 3238 3244 3236 3230 3218 3210 3191 3190 3186 3172 3158 3149 3082 3043 3025 3008 3009 3010 3020 3033 3039 3052 3074 3104 3129 3161 3189 3215 3279 3296 3338 3358 3372 3395 3427 3450 3453 3467 3494 3527 3550 3564 3575 3591 3611 3623 3631 3626 3632 3639 3643 3644 3662 3656 3652 3661 3656 3654 3651 3642 3640 3612 3587 3588 3601 3598 3594 3590 3589 3599 3599 3582 3567 3571 3572
3380 3343 3273 3232 3226 3215 3207 3201 3206 3213 3216 3215 3219 3212 3206 3196 3196 3184 3164 3149 3115 3064 3046 3027 3009 3004 3006 3023 3033 3046 3058 3078 3104 3131 3161 3185 3214 3248 3281 3298 3333 3357 3405 3430 3442 3456 3472 3502 3526 3543 3557 3573 3593 3616 3636 3644 3648 3650 3652 3652 3647 3660 3688 3695 3689 3688 3686 3674 3674 3670 3659 3632 3628 3629 3629 3614 3610 3611 3616 3618 3604 3595 3589 3588
3391 3370 3313 3266 3226 3211 3211 3197 3197 3198 3193 3199 3201 3206 3204 3202 3182 3173 3148 3137 3103 3057 3036 3021 2996 2989 3004 3033 3038 3053 3063 3084 3107 3128 3157 3183 3213 3249 3264 3283 3319 3350 3378 3409 3447 3462 3476 3494 3514 3524 3548 3573 3594 3613 3659 3677 3668 3666 3676 3682 3685 3698 3699 3715 3736 3733 3716 3708 3705 3696 3667 3653 3652 3656 3637 3626 3620 3620 3621 3623 3622 3614 3607 3600
3413 3376 3340 3284 3247 3229 3214 3203 3195 3194 3198 3191 3185 3182 3188 3183 3176 3141 3137 3102 3091 3051 3020 3013 2993 2987 3004 3027 3036 3051 3067 3077 3101 3131 3158 3180 3211 3243 3262 3292 3315 3326 3360 3394 3431 3455 3475 3483 3494 3511 3532 3559 3587 3632 3677 3683 3685 3689 3697 3710 3706 3703 3716 3757 3755 3751 3745 3735 3728 3711 3692 3676 3670 3661 3650 3640 3636 3630 3627 3630 3627 3623 3618 3608
3420 3393 3337 3298 3247 3239 3217 3211 3199 3194 3194 3184 3175 3163 3156 3161 3134 3115 3105 3098 3056 3040 3016 3010 2991 2985 3000 3017 3034 3050 3062 3088 3103 3138 3157 3184 3200 3238 3268 3287 3298 3314 3360 3378 3395 3433 3454 3464 3485 3505 3534 3544 3556 3598 3617 3655 3684 3688 3708 3711 3715 3720 3730 3749 3761 3766 3767 3761 3749 3730 3717 3702 3686 3672 3660 3654 3648 3640 3638 3636 3632 3627 3620 3613
3421 3396 3360 3315 3278 3244 3240 3220 3211 3192 3190 3174 3166 3148 3134 3133 3112 3098 3080 3060 3040 3027 3017 2995 2985 2979 2991 3013 3031 3055 3074 3089 3112 3139 3156 3181 3204 3237 3268 3282 3288 3314 3336 3384 3384 3397 3421 3453 3480 3492 3512 3548 3569 3586 3602 3622 3658 3682 3702 3720 3731 3732 3745 3767 3778 3785 3785 3782 3770 3759 3748 3734 3711 3690 3678 3669 3661 3656 3651 3646 3641 3638 3632 3625
3422 3395 3362 3313 3278 3256 3246 3235 3214 3203 3184 3178 3155 3138 3129 3114 3096 3078 3057 3046 3026 3015 3005 2991 2977 2974 2982 3003 3029 3056 3076 3099 3115 3144 3152 3177 3205 3255 3260 3273 3292 3316 3328 3356 3363 3383 3420 3446 3464 3475 3497 3555 3579 3584 3603 3626 3650 3675 3699 3716 3728 3739 3763 3774 3782 3794 3798 3794 3786 3776 3766 3751 3731 3713 3699 3688 3679 3672 3670 3660 3654 3648 3642 3634
3416 3392 3350 3320 3278 3263 3257 3240 3229 3201 3196 3186 3152 3129 3118 3108 3076 3057 3043 3032 3017 3009 2987 2977 2962 2961 2966 2993 3037 3060 3084 3104 3127 3147 3160 3182 3207 3251 3260 3272 3292 3308 3337 3340 3358 3382 3411 3440 3441 3468 3519 3577 3578 3583 3597 3614 3642 3664 3682 3696 3705 3722 3745 3765 3775 3794 3807 3814 3804 3794 3783 3770 3751 3731 3721 3712 3701 3697 3692 3683 3669 3660 3655 3652
3423 3372 3328 3297 3264 3264 3263 3237 3231 3212 3195 3194 3154 3124 3112 3098 3073 3045 3027 3020 3007 2983 2959 2954 2955 2960 2971 2981 3034 3067 3083 3107 3137 3151 3173 3179 3215 3242 3263 3279 3293 3308 3328 3341 3360 3392 3417 3436 3450 3483 3529 3573 3580 3584 3593 3597 3623 3650 3672 3685 3703 3719 3734 3751 3763 3778 3799 3806 3808 3805 3796 3786 3765 3749 3738 3729 3719 3712 3707 3700 3690 3683 3678 3674
