SRTMGL1_31.22_103.55_31.35_103.71000000000001.asc
ncols        576
nrows        468
xllcorner    103.549861111149
yllcorner    31.220138888885
cellsize     0.000277777778
NODATA_value -32768
[rows 152 to 189 of 468, columns 0 to 83 of 576]
3119 3118 3112 3108 3109 3109 3108 3104 3097 3088 3077 3043 3037 3046 3053 3059 3075 3090 3104 3108 3112 3117 3121 3134 3141 3149 3162 3182 3211 3235 3247 3256 3273 3283 3293 3303 3314 3321 3330 3335 3334 3349 3357 3373 3395 3410 3426 3441 3455 3468 3479 3492 3502 3512 3531 3546 3557 3571 3593 3612 3624 3645 3673 3689 3703 3726 3737 3744 3749 3741 3728 3720 3712 3704 3694 3678 3665 3653 3640 3633 3629 3621 3616 3611
3142 3146 3138 3139 3141 3135 3126 3116 3107 3101 3094 3061 3052 3056 3067 3078 3087 3100 3111 3125 3131 3139 3140 3151 3154 3157 3172 3187 3207 3227 3250 3259 3273 3291 3307 3317 3328 3336 3348 3356 3363 3370 3375 3385 3395 3418 3437 3452 3468 3481 3496 3509 3520 3532 3545 3558 3568 3580 3604 3619 3628 3646 3669 3693 3705 3722 3735 3735 3731 3721 3712 3704 3700 3696 3686 3672 3658 3641 3627 3618 3610 3604 3596 3590
3163 3163 3160 3162 3165 3159 3149 3131 3114 3111 3096 3068 3060 3067 3080 3090 3102 3115 3128 3143 3156 3157 3159 3162 3161 3171 3186 3199 3210 3228 3246 3262 3282 3301 3316 3329 3339 3348 3359 3373 3382 3388 3390 3396 3408 3426 3446 3462 3474 3491 3507 3524 3538 3552 3562 3574 3580 3592 3615 3630 3641 3654 3680 3698 3706 3712 3720 3716 3702 3698 3693 3687 3686 3684 3677 3667 3656 3638 3617 3610 3599 3587 3574 3567
3169 3178 3182 3190 3185 3173 3164 3143 3129 3122 3092 3075 3071 3077 3090 3106 3117 3129 3142 3159 3169 3175 3172 3172 3176 3191 3201 3211 3224 3238 3252 3267 3286 3311 3327 3341 3356 3357 3376 3387 3401 3405 3409 3413 3420 3437 3457 3470 3482 3501 3523 3535 3544 3558 3576 3592 3601 3613 3630 3645 3658 3673 3691 3702 3705 3698 3692 3686 3680 3676 3671 3666 3665 3670 3665 3661 3655 3638 3618 3601 3579 3571 3558 3550
3162 3183 3200 3208 3205 3193 3178 3160 3141 3129 3114 3092 3087 3091 3112 3121 3130 3142 3153 3172 3187 3194 3194 3192 3199 3211 3213 3221 3239 3255 3265 3278 3294 3315 3338 3357 3369 3380 3394 3405 3420 3426 3426 3429 3438 3451 3466 3481 3492 3511 3537 3545 3550 3563 3592 3609 3617 3628 3644 3658 3671 3685 3695 3703 3689 3675 3660 3659 3657 3653 3651 3648 3648 3652 3654 3653 3653 3639 3618 3597 3573 3559 3547 3538
3149 3170 3190 3211 3217 3215 3200 3174 3153 3135 3121 3107 3102 3110 3123 3135 3145 3161 3175 3194 3202 3213 3215 3219 3225 3230 3226 3237 3250 3264 3275 3288 3307 3325 3343 3360 3382 3394 3410 3429 3435 3442 3445 3445 3454 3459 3471 3485 3506 3529 3552 3567 3569 3591 3610 3620 3628 3641 3650 3662 3670 3681 3684 3676 3650 3639 3635 3635 3633 3631 3632 3632 3633 3638 3645 3646 3642 3631 3613 3594 3571 3551 3534 3525
3142 3162 3185 3203 3216 3221 3203 3178 3161 3138 3131 3117 3118 3124 3138 3152 3167 3186 3195 3205 3218 3224 3233 3234 3238 3240 3244 3252 3263 3276 3285 3300 3319 3335 3350 3372 3392 3406 3427 3440 3449 3464 3465 3464 3465 3479 3484 3503 3523 3546 3567 3579 3593 3608 3624 3636 3635 3639 3644 3647 3657 3666 3666 3634 3610 3618 3618 3609 3609 3614 3615 3617 3619 3627 3636 3637 3635 3618 3605 3587 3556 3529 3521 3506
3136 3159 3183 3203 3214 3219 3213 3194 3176 3160 3150 3142 3138 3144 3155 3171 3186 3203 3211 3227 3239 3244 3250 3250 3248 3253 3260 3271 3281 3290 3301 3320 3332 3347 3363 3385 3404 3414 3427 3450 3462 3478 3490 3484 3485 3502 3507 3520 3539 3563 3576 3589 3602 3616 3630 3635 3635 3627 3626 3626 3633 3643 3642 3616 3595 3600 3597 3590 3587 3592 3595 3597 3606 3617 3629 3634 3623 3610 3593 3567 3542 3525 3511 3495
3130 3151 3179 3196 3211 3225 3221 3211 3196 3181 3173 3159 3159 3164 3173 3186 3203 3221 3235 3249 3262 3266 3268 3266 3268 3273 3280 3288 3298 3308 3321 3341 3353 3362 3380 3404 3410 3421 3436 3462 3482 3493 3502 3504 3513 3528 3537 3540 3552 3574 3590 3598 3608 3618 3622 3622 3623 3610 3604 3599 3599 3610 3614 3595 3578 3576 3573 3571 3569 3570 3575 3580 3589 3604 3620 3619 3610 3598 3580 3561 3540 3523 3505 3487
3136 3152 3173 3192 3208 3224 3228 3223 3214 3200 3188 3176 3178 3189 3198 3209 3227 3242 3254 3269 3283 3284 3286 3288 3285 3290 3296 3307 3321 3329 3342 3357 3369 3381 3401 3418 3424 3434 3454 3482 3499 3505 3513 3523 3545 3554 3562 3560 3566 3577 3596 3606 3611 3610 3606 3605 3602 3589 3581 3574 3575 3579 3572 3564 3560 3554 3551 3550 3547 3549 3558 3564 3574 3586 3600 3610 3601 3591 3571 3556 3537 3514 3495 3484
3142 3160 3180 3194 3208 3226 3243 3236 3229 3220 3207 3204 3210 3214 3222 3232 3241 3258 3276 3290 3301 3303 3305 3305 3304 3306 3315 3326 3340 3348 3358 3370 3382 3397 3418 3430 3434 3445 3467 3493 3511 3516 3530 3543 3566 3575 3575 3576 3579 3587 3608 3610 3601 3591 3586 3585 3584 3573 3562 3555 3552 3547 3539 3538 3533 3534 3531 3529 3524 3531 3544 3552 3563 3576 3595 3608 3599 3588 3571 3553 3533 3508 3491 3478
3153 3170 3181 3196 3208 3227 3240 3247 3244 3242 3233 3234 3230 3233 3241 3249 3263 3284 3301 3310 3315 3320 3323 3324 3325 3330 3335 3346 3358 3368 3376 3387 3401 3421 3434 3443 3450 3460 3477 3501 3522 3536 3548 3560 3572 3590 3587 3593 3600 3613 3614 3607 3587 3570 3566 3569 3562 3547 3539 3531 3529 3522 3513 3510 3508 3511 3515 3511 3509 3517 3530 3546 3559 3573 3585 3596 3600 3590 3568 3550 3535 3505 3490 3468
3155 3172 3185 3201 3207 3221 3244 3252 3252 3249 3248 3249 3249 3253 3265 3279 3289 3305 3317 3323 3329 3333 3339 3340 3344 3352 3360 3368 3374 3381 3392 3403 3420 3436 3450 3460 3471 3482 3497 3521 3538 3551 3560 3569 3574 3585 3593 3604 3609 3612 3602 3590 3568 3555 3546 3545 3534 3522 3513 3507 3507 3503 3491 3485 3484 3489 3494 3495 3497 3506 3523 3541 3560 3574 3586 3597 3596 3587 3572 3546 3534 3500 3481 3459
3155 3173 3189 3202 3216 3230 3242 3251 3255 3254 3257 3261 3264 3273 3291 3306 3311 3321 3332 3340 3345 3350 3352 3359 3363 3377 3389 3390 3392 3402 3405 3419 3435 3455 3468 3482 3496 3508 3522 3539 3554 3557 3563 3568 3572 3574 3582 3589 3598 3591 3575 3562 3539 3526 3522 3512 3506 3494 3487 3482 3484 3486 3474 3465 3463 3466 3469 3477 3482 3494 3516 3536 3555 3565 3572 3587 3598 3592 3579 3552 3531 3491 3484 3474
3156 3172 3188 3201 3214 3229 3242 3246 3248 3251 3258 3269 3283 3296 3314 3332 3337 3343 3353 3359 3366 3370 3373 3378 3380 3395 3406 3414 3417 3422 3427 3436 3456 3474 3486 3495 3510 3526 3535 3543 3552 3553 3556 3556 3558 3558 3563 3571 3578 3567 3553 3537 3512 3502 3498 3488 3477 3470 3463 3459 3462 3465 3455 3448 3446 3449 3453 3460 3470 3484 3501 3516 3540 3548 3561 3577 3594 3594 3581 3552 3523 3502 3496 3475
3151 3167 3186 3196 3204 3220 3235 3237 3239 3246 3259 3277 3295 3311 3333 3352 3356 3363 3371 3377 3384 3393 3401 3401 3401 3411 3423 3434 3434 3445 3454 3456 3478 3495 3507 3509 3526 3537 3541 3535 3536 3539 3540 3539 3539 3539 3542 3551 3557 3543 3530 3520 3502 3486 3479 3470 3461 3452 3448 3438 3438 3434 3430 3427 3429 3433 3438 3446 3460 3474 3487 3498 3514 3530 3545 3566 3582 3589 3572 3553 3533 3513 3497 3473
3153 3166 3181 3190 3193 3204 3215 3224 3234 3245 3260 3280 3300 3319 3342 3357 3367 3377 3385 3392 3398 3406 3412 3416 3421 3432 3442 3447 3457 3472 3472 3474 3493 3506 3515 3517 3522 3533 3532 3519 3515 3518 3526 3524 3523 3520 3516 3523 3527 3519 3510 3500 3482 3466 3459 3450 3434 3426 3418 3418 3417 3409 3407 3408 3412 3415 3420 3433 3447 3462 3477 3487 3501 3517 3530 3546 3569 3585 3573 3558 3541 3514 3498 3477
3150 3163 3173 3181 3184 3190 3201 3216 3231 3244 3256 3277 3299 3322 3346 3361 3371 3381 3399 3406 3406 3409 3410 3413 3419 3434 3446 3454 3466 3483 3488 3501 3506 3510 3511 3510 3504 3509 3513 3503 3494 3494 3501 3507 3497 3494 3492 3488 3493 3484 3482 3475 3462 3448 3433 3427 3403 3393 3396 3399 3392 3387 3388 3391 3395 3397 3404 3417 3431 3448 3464 3480 3497 3512 3526 3542 3563 3576 3576 3562 3538 3514 3494 3477
3146 3157 3162 3170 3176 3181 3195 3209 3226 3238 3252 3273 3306 3331 3348 3361 3375 3390 3402 3410 3404 3405 3403 3403 3410 3425 3438 3447 3462 3478 3491 3498 3503 3504 3497 3492 3487 3487 3495 3489 3477 3475 3474 3469 3467 3469 3473 3473 3465 3463 3462 3456 3443 3424 3407 3385 3373 3367 3373 3376 3366 3361 3364 3371 3378 3386 3391 3402 3414 3429 3450 3469 3493 3511 3526 3542 3558 3571 3569 3551 3528 3507 3487 3473
3138 3142 3149 3158 3165 3177 3194 3210 3218 3233 3256 3285 3309 3330 3347 3362 3377 3390 3398 3396 3392 3391 3387 3387 3395 3412 3431 3443 3452 3464 3473 3480 3485 3484 3475 3470 3469 3473 3476 3465 3457 3456 3450 3450 3449 3453 3457 3451 3439 3444 3450 3439 3419 3393 3384 3368 3351 3349 3352 3351 3346 3340 3339 3346 3357 3367 3376 3388 3400 3417 3443 3466 3485 3500 3512 3527 3546 3557 3562 3548 3528 3507 3487 3474
3124 3128 3134 3145 3157 3173 3197 3210 3220 3241 3266 3290 3306 3322 3340 3363 3376 3384 3384 3381 3377 3368 3359 3364 3375 3394 3423 3431 3439 3445 3453 3459 3462 3456 3443 3441 3451 3463 3461 3445 3439 3434 3427 3426 3431 3429 3429 3413 3405 3412 3418 3401 3379 3369 3369 3353 3335 3334 3335 3331 3329 3327 3325 3330 3337 3350 3363 3377 3392 3412 3437 3457 3472 3484 3499 3513 3530 3547 3558 3546 3527 3507 3487 3468
3107 3110 3112 3126 3148 3164 3181 3203 3221 3244 3265 3285 3303 3311 3330 3355 3374 3373 3369 3366 3365 3344 3333 3346 3365 3380 3395 3410 3422 3428 3433 3442 3439 3430 3419 3417 3426 3438 3439 3425 3414 3406 3393 3397 3394 3393 3381 3376 3373 3374 3372 3359 3341 3334 3330 3311 3300 3309 3306 3305 3308 3311 3311 3316 3326 3336 3349 3364 3378 3392 3427 3445 3456 3471 3484 3497 3512 3530 3543 3546 3527 3498 3477 3464
3091 3095 3101 3116 3137 3161 3181 3196 3219 3240 3254 3274 3294 3305 3318 3343 3357 3358 3351 3349 3335 3318 3317 3332 3352 3365 3375 3386 3400 3409 3416 3426 3424 3408 3403 3404 3412 3414 3414 3397 3386 3379 3372 3372 3375 3370 3357 3350 3351 3346 3341 3327 3314 3302 3289 3269 3267 3275 3284 3283 3290 3291 3292 3302 3313 3322 3331 3343 3361 3385 3412 3433 3443 3454 3469 3484 3504 3519 3533 3534 3519 3499 3480 3466
3078 3089 3100 3113 3131 3153 3174 3191 3209 3227 3246 3265 3286 3301 3313 3326 3340 3336 3330 3320 3295 3283 3297 3317 3338 3351 3359 3364 3376 3390 3399 3408 3398 3386 3376 3380 3387 3391 3375 3358 3362 3358 3348 3353 3359 3360 3340 3335 3333 3319 3301 3291 3293 3278 3266 3248 3245 3255 3265 3270 3276 3278 3282 3291 3303 3314 3324 3343 3373 3397 3406 3416 3427 3442 3456 3475 3496 3512 3522 3526 3519 3503 3483 3471
3065 3079 3092 3104 3121 3148 3171 3181 3200 3221 3239 3256 3282 3297 3304 3312 3324 3331 3307 3279 3260 3257 3274 3300 3321 3335 3349 3355 3359 3374 3382 3379 3374 3364 3354 3355 3359 3351 3339 3333 3338 3330 3328 3332 3340 3334 3322 3313 3302 3279 3266 3263 3265 3257 3249 3232 3231 3238 3242 3248 3256 3263 3269 3280 3293 3305 3317 3338 3374 3381 3386 3396 3417 3429 3445 3469 3484 3503 3525 3531 3521 3505 3486 3470
3055 3069 3089 3105 3116 3130 3163 3180 3198 3221 3237 3258 3278 3287 3292 3299 3308 3310 3285 3241 3233 3242 3258 3276 3301 3325 3340 3346 3350 3361 3362 3359 3357 3344 3338 3342 3339 3327 3313 3316 3310 3308 3311 3316 3321 3312 3300 3284 3272 3258 3245 3242 3237 3232 3218 3211 3214 3219 3224 3232 3240 3245 3250 3264 3282 3298 3316 3353 3375 3378 3381 3391 3400 3413 3428 3460 3481 3498 3513 3523 3528 3515 3492 3472
3050 3072 3090 3102 3109 3120 3141 3166 3197 3220 3234 3249 3266 3275 3279 3288 3292 3276 3247 3213 3213 3228 3246 3272 3298 3303 3315 3328 3341 3347 3344 3344 3343 3323 3318 3319 3313 3291 3290 3293 3286 3289 3294 3299 3302 3299 3275 3259 3253 3240 3231 3223 3217 3205 3185 3184 3190 3204 3210 3217 3224 3226 3230 3238 3249 3289 3323 3344 3365 3365 3373 3385 3399 3417 3433 3452 3474 3492 3509 3522 3528 3519 3506 3484
3049 3071 3089 3095 3099 3104 3116 3164 3193 3214 3227 3236 3250 3257 3260 3254 3246 3225 3201 3187 3190 3207 3230 3258 3272 3281 3295 3314 3328 3332 3331 3332 3322 3305 3296 3290 3267 3262 3260 3263 3270 3268 3275 3279 3280 3271 3243 3229 3227 3223 3213 3202 3194 3183 3169 3160 3169 3182 3191 3200 3207 3216 3224 3232 3238 3257 3287 3325 3363 3361 3363 3395 3406 3426 3435 3451 3471 3490 3517 3531 3536 3532 3519 3498
3026 3052 3080 3089 3096 3114 3134 3162 3186 3202 3214 3222 3228 3233 3224 3212 3191 3176 3160 3157 3171 3189 3211 3240 3265 3270 3281 3298 3310 3315 3315 3316 3303 3289 3278 3263 3251 3246 3245 3239 3235 3240 3246 3255 3255 3239 3214 3207 3206 3202 3188 3175 3167 3160 3147 3141 3148 3162 3172 3181 3189 3202 3216 3230 3243 3253 3281 3320 3344 3340 3356 3350 3396 3429 3432 3455 3471 3500 3521 3541 3539 3536 3521 3505
3006 3040 3070 3076 3091 3112 3136 3156 3169 3180 3191 3198 3198 3201 3196 3177 3158 3142 3135 3137 3155 3175 3196 3222 3255 3265 3278 3286 3293 3299 3300 3299 3290 3275 3257 3246 3241 3235 3229 3217 3207 3214 3223 3229 3230 3210 3194 3191 3181 3173 3162 3144 3132 3126 3122 3119 3126 3136 3152 3167 3176 3183 3201 3217 3232 3250 3292 3292 3312 3329 3345 3351 3374 3419 3441 3456 3474 3494 3509 3520 3528 3533 3527 3516
3010 3052 3059 3069 3085 3108 3124 3140 3152 3157 3163 3169 3167 3169 3157 3146 3126 3113 3111 3125 3143 3181 3198 3212 3242 3264 3273 3278 3284 3291 3287 3283 3275 3264 3237 3231 3225 3220 3202 3190 3187 3195 3201 3206 3202 3174 3173 3168 3160 3152 3141 3116 3099 3095 3099 3101 3107 3120 3135 3151 3163 3175 3189 3205 3222 3247 3257 3276 3297 3315 3331 3345 3377 3388 3419 3439 3463 3487 3504 3519 3526 3528 3525 3515
2998 3039 3047 3055 3079 3097 3110 3125 3132 3129 3134 3139 3136 3133 3113 3096 3090 3084 3093 3110 3139 3165 3199 3220 3235 3255 3268 3276 3284 3287 3276 3261 3252 3238 3220 3215 3207 3191 3173 3164 3162 3167 3172 3164 3168 3156 3151 3147 3141 3137 3119 3092 3078 3076 3078 3085 3095 3108 3118 3129 3143 3156 3175 3190 3212 3227 3240 3261 3282 3304 3327 3326 3359 3384 3410 3432 3447 3468 3497 3524 3529 3525 3519 3509
2971 2992 3020 3041 3064 3080 3093 3107 3109 3107 3106 3097 3101 3089 3073 3064 3062 3069 3081 3099 3141 3166 3186 3203 3216 3243 3265 3277 3281 3280 3266 3249 3232 3213 3203 3199 3192 3167 3149 3142 3135 3139 3139 3138 3139 3141 3137 3129 3119 3101 3082 3063 3059 3053 3054 3064 3075 3091 3108 3117 3132 3147 3162 3174 3189 3190 3207 3225 3273 3297 3319 3337 3356 3374 3420 3423 3440 3465 3488 3515 3533 3533 3521 3510
2961 2985 3011 3035 3051 3062 3076 3083 3087 3081 3070 3068 3066 3059 3049 3038 3040 3056 3074 3099 3134 3150 3161 3195 3225 3245 3256 3264 3272 3267 3253 3245 3227 3208 3196 3179 3173 3147 3130 3128 3121 3111 3107 3117 3124 3128 3122 3108 3093 3075 3054 3038 3032 3030 3031 3040 3050 3072 3102 3118 3121 3125 3133 3152 3170 3194 3212 3233 3261 3288 3327 3335 3361 3382 3399 3418 3439 3466 3487 3501 3513 3518 3519 3512
2971 2991 3007 3018 3030 3045 3052 3060 3057 3049 3044 3044 3040 3028 3018 3018 3027 3045 3067 3114 3127 3147 3172 3200 3224 3239 3254 3259 3258 3253 3241 3233 3224 3201 3183 3172 3154 3130 3120 3112 3104 3086 3085 3090 3098 3099 3093 3088 3076 3058 3036 3013 3006 3006 3012 3018 3034 3070 3072 3090 3095 3106 3122 3124 3188 3206 3224 3245 3267 3287 3314 3340 3366 3374 3397 3415 3439 3456 3473 3483 3499 3513 3515 3500
2965 2983 2993 2998 3021 3032 3037 3041 3034 3019 3015 3013 3004 2994 2991 3004 3020 3039 3072 3106 3131 3153 3175 3193 3208 3226 3240 3253 3253 3242 3235 3219 3199 3184 3181 3166 3147 3113 3108 3095 3076 3067 3062 3063 3060 3060 3066 3064 3055 3041 3013 2991 2985 2986 2992 3001 3017 3036 3035 3064 3084 3097 3105 3131 3164 3212 3234 3257 3273 3292 3322 3353 3370 3384 3393 3405 3420 3437 3453 3464 3483 3498 3505 3508
2955 2964 2970 2975 3005 3019 3021 3019 3007 2994 2986 2977 2968 2969 2972 2994 3009 3059 3067 3077 3101 3133 3150 3179 3198 3211 3227 3241 3241 3228 3221 3204 3191 3177 3165 3150 3129 3097 3091 3077 3063 3053 3045 3039 3037 3036 3043 3037 3024 3013 2997 2974 2969 2970 2971 2982 2989 2999 3030 3037 3062 3083 3103 3132 3168 3199 3237 3258 3283 3302 3321 3345 3375 3381 3387 3396 3404 3418 3433 3449 3462 3477 3493 3507
2933 2943 2955 2966 2982 2995 3000 2993 2972 2962 2958 2948 2944 2956 2975 2988 3017 3043 3057 3073 3087 3112 3137 3163 3205 3213 3220 3228 3223 3210 3205 3194 3186 3173 3152 3130 3106 3076 3084 3077 3037 3036 3024 3022 3020 3017 3009 2993 2995 2987 2965 2957 2953 2953 2956 2967 2964 2974 3011 3022 3047 3074 3102 3133 3185 3209 3234 3256 3282 3303 3322 3342 3362 3368 3375 3382 3389 3402 3421 3433 3443 3454 3475 3489
