SRTMGL1_28.169999999999998_85.03_28.3_85.21000000000001.asc
ncols        648
nrows        468
xllcorner    85.029861111146
yllcorner    28.170138888885
cellsize     0.000277777778
NODATA_value -32768
[rows 380 to 417 of 468, columns 504 to 587 of 648]
3830 3835 3849 3864 3880 3889 3898 3907 3917 3931 3942 3951 3957 3961 3963 3971 3984 3993 4008 4021 4034 4041 4046 4056 4068 4083 4091 4105 4127 4141 4152 4164 4179 4193 4210 4223 4236 4248 4264 4283 4293 4303 4315 4322 4327 4319 4306 4293 4277 4259 4247 4244 4202 4181 4168 4140 4126 4108 4089 4069 4054 4041 4023 4011 4000 3993 3988 3965 3919 3895 3886 3877 3873 3860 3846 3834 3820 3806 3812 3827 3836 3845 3852 3857
3848 3850 3854 3866 3879 3889 3897 3903 3912 3926 3942 3955 3960 3962 3966 3971 3980 3988 3998 4012 4027 4036 4042 4051 4060 4072 4086 4101 4120 4134 4144 4154 4173 4184 4196 4211 4225 4236 4254 4269 4286 4299 4310 4328 4329 4319 4307 4292 4280 4261 4242 4227 4210 4194 4158 4145 4124 4099 4086 4074 4061 4039 4025 4009 3988 3979 3976 3972 3920 3892 3880 3860 3850 3837 3828 3820 3799 3787 3791 3805 3815 3817 3822 3829
3863 3863 3865 3875 3888 3893 3896 3902 3914 3931 3940 3950 3958 3963 3969 3974 3979 3986 3997 4012 4026 4034 4042 4051 4060 4073 4088 4103 4118 4131 4141 4153 4166 4180 4193 4210 4222 4231 4245 4258 4272 4287 4309 4318 4320 4319 4311 4274 4286 4249 4230 4217 4206 4196 4163 4137 4126 4103 4095 4071 4038 4017 4007 3987 3972 3954 3940 3925 3902 3884 3854 3842 3830 3812 3808 3800 3775 3762 3773 3783 3793 3795 3796 3806
3872 3872 3875 3884 3891 3897 3905 3913 3926 3936 3943 3952 3955 3958 3965 3973 3980 3995 4007 4020 4031 4038 4047 4058 4068 4079 4092 4106 4112 4123 4138 4152 4164 4178 4194 4209 4221 4228 4237 4250 4262 4278 4299 4314 4309 4300 4311 4297 4287 4241 4215 4201 4199 4187 4172 4148 4128 4110 4092 4057 4035 4003 3982 3961 3955 3930 3925 3901 3885 3856 3837 3807 3788 3765 3793 3781 3754 3746 3754 3760 3763 3762 3769 3780
3887 3888 3891 3894 3896 3903 3916 3925 3935 3942 3947 3950 3952 3956 3966 3973 3979 3994 4008 4020 4033 4042 4049 4061 4076 4088 4099 4109 4116 4123 4140 4154 4165 4180 4195 4208 4219 4227 4235 4248 4260 4276 4295 4313 4317 4309 4310 4301 4279 4251 4216 4207 4199 4187 4172 4153 4127 4104 4080 4061 4032 4010 3977 3960 3949 3925 3905 3891 3868 3850 3812 3794 3768 3770 3759 3748 3742 3732 3725 3721 3729 3738 3744 3748
3901 3902 3903 3904 3909 3915 3923 3930 3938 3951 3954 3958 3960 3965 3973 3978 3982 3997 4008 4017 4027 4039 4046 4058 4077 4095 4106 4119 4127 4138 4150 4161 4171 4184 4196 4209 4222 4230 4240 4253 4264 4276 4291 4310 4318 4308 4306 4299 4284 4248 4215 4206 4193 4180 4168 4147 4129 4111 4077 4064 4039 4018 3984 3962 3943 3925 3901 3880 3864 3850 3821 3795 3767 3757 3747 3731 3729 3703 3651 3663 3692 3696 3706 3717
3920 3923 3923 3925 3926 3926 3930 3937 3947 3955 3963 3969 3976 3983 3988 3988 3991 3999 4009 4015 4022 4035 4044 4054 4074 4090 4105 4122 4136 4151 4162 4170 4179 4194 4203 4214 4227 4236 4244 4256 4270 4281 4293 4309 4316 4315 4302 4298 4282 4240 4210 4203 4190 4176 4163 4147 4123 4108 4086 4064 4035 4000 3976 3963 3938 3925 3903 3894 3873 3854 3823 3801 3765 3751 3728 3732 3721 3697 3688 3633 3631 3684 3689 3693
3941 3943 3944 3944 3940 3937 3942 3949 3955 3961 3971 3979 3988 3997 3996 4006 4009 4002 4012 4019 4026 4038 4049 4058 4071 4086 4101 4120 4136 4149 4162 4173 4188 4206 4212 4220 4233 4247 4255 4261 4273 4287 4300 4314 4324 4322 4314 4276 4260 4243 4222 4195 4182 4167 4160 4142 4122 4093 4074 4053 4032 4002 3971 3953 3940 3921 3911 3900 3870 3855 3835 3810 3780 3756 3743 3720 3713 3701 3689 3681 3613 3624 3655 3671
3961 3963 3962 3958 3951 3949 3955 3960 3966 3972 3982 3991 4000 4006 4011 4014 4021 4019 4026 4029 4032 4043 4059 4068 4077 4091 4106 4120 4138 4149 4160 4174 4191 4207 4214 4225 4239 4256 4266 4274 4283 4298 4310 4321 4327 4330 4316 4280 4256 4232 4195 4179 4167 4164 4150 4131 4119 4092 4071 4050 4027 4008 3994 3973 3940 3925 3924 3915 3888 3870 3842 3814 3798 3773 3761 3741 3738 3722 3705 3686 3675 3654 3649 3654
3978 3978 3979 3975 3968 3970 3973 3977 3980 3987 3998 4005 4012 4018 4023 4025 4028 4033 4036 4041 4043 4055 4070 4078 4088 4108 4118 4132 4145 4152 4161 4176 4194 4206 4213 4227 4245 4259 4273 4287 4301 4315 4317 4320 4320 4315 4311 4271 4247 4231 4203 4169 4167 4162 4144 4120 4098 4081 4062 4041 4018 3994 3973 3951 3934 3924 3920 3923 3892 3877 3854 3829 3802 3784 3770 3755 3735 3734 3724 3693 3668 3660 3638 3634
3983 3988 3989 3990 3990 3989 3989 3988 3990 3997 4010 4023 4027 4030 4034 4033 4036 4040 4043 4048 4055 4069 4081 4085 4098 4119 4132 4142 4153 4159 4169 4178 4195 4205 4216 4234 4253 4268 4283 4298 4313 4319 4311 4304 4299 4289 4273 4247 4224 4205 4179 4156 4150 4148 4129 4092 4060 4047 4034 4014 3996 3969 3948 3933 3921 3917 3915 3910 3903 3892 3854 3830 3811 3788 3778 3761 3758 3750 3708 3690 3681 3653 3634 3615
3990 3998 4010 4002 4002 3999 3996 3995 3997 4004 4019 4032 4038 4044 4047 4046 4052 4053 4054 4058 4065 4075 4088 4095 4110 4127 4139 4153 4164 4169 4179 4191 4202 4211 4225 4246 4266 4276 4290 4301 4305 4305 4295 4289 4282 4269 4248 4223 4197 4189 4170 4153 4142 4120 4092 4063 4052 4040 4014 3989 3968 3951 3931 3920 3910 3902 3904 3901 3894 3880 3853 3823 3796 3785 3776 3763 3750 3730 3714 3708 3658 3623 3602 3597
3998 4008 4015 4026 4026 4021 4018 4012 4006 4011 4025 4039 4045 4052 4054 4057 4060 4062 4068 4070 4074 4085 4097 4105 4116 4129 4143 4158 4170 4180 4190 4203 4214 4223 4236 4255 4272 4280 4290 4296 4294 4285 4278 4274 4265 4246 4228 4207 4180 4173 4165 4148 4135 4106 4073 4056 4046 4032 4017 3994 3955 3940 3919 3909 3897 3885 3886 3888 3877 3862 3835 3799 3785 3776 3763 3747 3735 3712 3702 3690 3659 3626 3606 3586
4002 4007 4018 4040 4049 4056 4052 4049 4032 4032 4042 4045 4053 4061 4063 4065 4066 4070 4079 4082 4086 4094 4101 4108 4117 4129 4142 4159 4174 4192 4206 4218 4223 4233 4248 4267 4276 4283 4293 4292 4284 4269 4262 4255 4244 4226 4212 4184 4163 4152 4147 4132 4122 4099 4069 4041 4015 4003 4001 3982 3968 3919 3903 3890 3881 3869 3864 3857 3832 3824 3811 3781 3767 3753 3730 3714 3703 3697 3686 3671 3648 3635 3607 3590
4003 4014 4027 4041 4053 4063 4066 4068 4069 4059 4063 4067 4073 4080 4080 4079 4080 4087 4096 4096 4096 4100 4103 4112 4123 4135 4148 4163 4180 4196 4220 4230 4232 4241 4258 4276 4285 4292 4300 4278 4268 4253 4248 4250 4231 4219 4205 4177 4160 4147 4123 4100 4093 4082 4063 4031 4001 3982 3964 3952 3923 3901 3881 3868 3866 3857 3841 3818 3802 3796 3786 3764 3734 3710 3695 3683 3676 3666 3649 3641 3634 3620 3599 3576
4006 4015 4028 4044 4056 4066 4072 4078 4085 4076 4071 4077 4081 4088 4094 4093 4097 4105 4111 4111 4109 4113 4117 4127 4138 4152 4160 4174 4190 4205 4223 4238 4239 4249 4264 4280 4292 4298 4303 4295 4263 4262 4255 4242 4228 4232 4209 4183 4158 4146 4119 4094 4074 4062 4044 4018 4000 3973 3948 3929 3908 3895 3870 3859 3855 3845 3826 3810 3795 3782 3769 3739 3703 3685 3675 3668 3658 3637 3626 3623 3618 3613 3591 3567
4014 4021 4034 4046 4058 4069 4078 4082 4085 4080 4077 4080 4084 4091 4099 4105 4111 4118 4123 4130 4130 4133 4133 4139 4151 4168 4177 4194 4208 4219 4227 4237 4247 4259 4270 4282 4295 4308 4313 4285 4283 4259 4255 4243 4232 4236 4225 4157 4132 4114 4079 4104 4076 4053 4018 3996 3983 3969 3944 3924 3919 3908 3864 3857 3855 3840 3820 3812 3797 3777 3755 3725 3696 3680 3661 3657 3649 3636 3630 3618 3610 3601 3585 3564
4029 4036 4045 4053 4060 4068 4077 4082 4083 4087 4084 4089 4093 4100 4108 4114 4119 4127 4136 4144 4148 4152 4151 4151 4162 4179 4193 4202 4213 4222 4231 4241 4258 4269 4276 4286 4306 4326 4321 4315 4298 4280 4262 4245 4233 4223 4223 4161 4123 4089 4062 4048 4039 4045 3997 3980 3963 3951 3932 3922 3922 3912 3879 3870 3856 3850 3805 3791 3768 3746 3718 3724 3694 3670 3649 3649 3644 3633 3622 3609 3600 3588 3577 3567
4042 4050 4058 4063 4068 4078 4085 4088 4093 4098 4097 4101 4107 4113 4119 4121 4123 4134 4144 4146 4151 4160 4164 4168 4170 4188 4203 4212 4220 4230 4242 4254 4266 4277 4285 4299 4324 4339 4340 4322 4301 4279 4264 4241 4224 4225 4215 4147 4107 4069 4051 4039 4021 4000 3970 3977 3957 3938 3917 3914 3913 3899 3892 3868 3851 3845 3810 3792 3757 3735 3708 3689 3663 3657 3631 3632 3619 3600 3582 3536 3533 3579 3574 3563
4055 4061 4069 4074 4082 4097 4100 4100 4104 4112 4108 4113 4122 4132 4136 4134 4135 4145 4154 4157 4161 4165 4175 4181 4181 4195 4214 4224 4233 4247 4264 4267 4278 4289 4298 4314 4332 4341 4333 4315 4292 4273 4261 4240 4220 4211 4180 4128 4088 4063 4044 4031 4002 3982 3969 3952 3959 3933 3915 3910 3905 3894 3888 3867 3818 3808 3793 3772 3757 3730 3703 3681 3657 3651 3637 3627 3583 3564 3557 3545 3529 3559 3563 3547
4064 4073 4081 4086 4093 4107 4114 4115 4125 4124 4123 4128 4139 4149 4152 4148 4146 4158 4174 4180 4181 4181 4186 4193 4195 4207 4224 4236 4245 4262 4276 4284 4292 4304 4313 4322 4329 4329 4312 4297 4283 4262 4248 4228 4220 4202 4178 4134 4082 4077 4045 4027 4003 3987 3966 3945 3931 3903 3891 3910 3880 3871 3838 3818 3807 3801 3795 3775 3754 3723 3699 3686 3676 3645 3630 3618 3591 3580 3572 3561 3540 3558 3557 3563
4073 4081 4089 4096 4102 4111 4119 4123 4128 4130 4130 4137 4147 4156 4160 4156 4158 4171 4189 4194 4195 4194 4199 4210 4216 4223 4237 4249 4259 4273 4287 4304 4309 4309 4314 4314 4311 4305 4293 4280 4257 4238 4229 4222 4209 4201 4183 4132 4107 4073 4053 4007 3992 3969 3951 3938 3921 3899 3882 3864 3847 3834 3827 3802 3802 3806 3783 3754 3729 3704 3696 3685 3671 3654 3647 3626 3609 3602 3594 3573 3584 3577 3580 3577
4083 4089 4095 4105 4112 4118 4128 4129 4133 4137 4143 4144 4153 4161 4164 4168 4171 4184 4197 4204 4206 4208 4219 4231 4240 4247 4253 4262 4276 4291 4299 4307 4308 4304 4301 4295 4280 4271 4262 4250 4239 4234 4221 4210 4196 4188 4155 4137 4132 4092 4036 4012 3997 3984 3970 3951 3921 3906 3895 3879 3854 3840 3826 3814 3807 3812 3801 3773 3749 3732 3721 3715 3700 3676 3653 3635 3621 3618 3611 3597 3601 3599 3596 3594
4088 4096 4102 4112 4125 4127 4134 4138 4140 4148 4159 4159 4160 4168 4173 4181 4191 4201 4206 4211 4217 4224 4237 4253 4268 4273 4274 4281 4293 4296 4293 4291 4291 4289 4277 4265 4250 4244 4234 4224 4223 4224 4212 4188 4175 4154 4147 4138 4091 4092 4070 4048 4016 3999 3982 3960 3939 3923 3921 3904 3879 3854 3843 3842 3842 3839 3821 3793 3768 3749 3743 3737 3718 3690 3661 3647 3635 3621 3620 3620 3613 3629 3612 3615
4099 4100 4108 4118 4127 4131 4140 4145 4148 4156 4169 4173 4173 4181 4188 4198 4213 4222 4219 4225 4236 4248 4260 4269 4285 4289 4291 4291 4298 4296 4284 4280 4270 4256 4244 4238 4230 4225 4213 4201 4194 4190 4181 4164 4156 4149 4131 4115 4091 4085 4072 4070 4039 4028 3997 3989 3955 3936 3925 3912 3891 3880 3877 3874 3861 3843 3830 3816 3794 3784 3768 3743 3720 3699 3681 3667 3654 3640 3630 3649 3647 3660 3645 3645
4110 4109 4118 4127 4127 4135 4144 4152 4157 4166 4179 4187 4192 4198 4204 4214 4230 4240 4234 4239 4252 4267 4276 4284 4293 4297 4298 4295 4291 4288 4276 4270 4247 4229 4221 4213 4210 4202 4189 4177 4169 4159 4151 4140 4132 4129 4127 4122 4103 4089 4076 4053 4048 4023 4004 3984 3975 3961 3947 3926 3909 3895 3888 3889 3877 3866 3858 3844 3827 3806 3781 3752 3731 3720 3715 3693 3673 3661 3656 3660 3673 3674 3672 3671
4118 4122 4131 4136 4136 4143 4153 4159 4165 4178 4191 4200 4206 4212 4220 4232 4244 4250 4252 4257 4270 4284 4291 4298 4309 4315 4317 4298 4280 4274 4264 4252 4223 4212 4202 4191 4188 4176 4163 4152 4150 4138 4117 4113 4118 4119 4121 4120 4104 4075 4075 4059 4043 4025 4009 3987 3964 3941 3938 3940 3933 3918 3902 3895 3890 3876 3868 3854 3837 3812 3786 3767 3752 3743 3725 3709 3697 3686 3686 3686 3687 3690 3688 3685
4127 4132 4136 4141 4146 4156 4161 4164 4173 4190 4204 4212 4218 4225 4236 4249 4254 4260 4272 4286 4295 4305 4307 4313 4326 4336 4326 4301 4277 4267 4244 4223 4217 4201 4186 4172 4160 4149 4139 4132 4128 4117 4095 4092 4095 4102 4106 4110 4103 4091 4081 4061 4038 4015 4019 4005 3967 3928 3925 3924 3922 3908 3894 3887 3881 3869 3857 3843 3834 3823 3803 3787 3777 3757 3736 3723 3713 3709 3717 3704 3702 3706 3710 3703
4136 4137 4139 4144 4156 4167 4170 4175 4187 4206 4219 4225 4230 4236 4247 4261 4269 4280 4292 4306 4315 4321 4321 4324 4331 4332 4323 4297 4276 4252 4224 4207 4206 4196 4177 4153 4142 4125 4112 4111 4104 4091 4086 4068 4069 4078 4080 4087 4084 4078 4070 4055 4037 4009 3995 3991 3962 3912 3902 3899 3903 3896 3880 3868 3863 3847 3837 3829 3825 3818 3805 3794 3781 3764 3753 3745 3738 3727 3719 3716 3710 3710 3708 3691
4145 4145 4148 4158 4169 4178 4180 4188 4202 4219 4230 4236 4246 4259 4265 4273 4286 4300 4309 4315 4330 4336 4336 4339 4332 4322 4306 4288 4265 4239 4215 4199 4191 4179 4154 4140 4113 4094 4090 4089 4075 4057 4058 4044 4047 4053 4051 4052 4054 4061 4055 4043 4021 3992 3977 3947 3924 3891 3882 3873 3873 3877 3855 3840 3834 3828 3824 3821 3817 3811 3796 3780 3760 3755 3753 3746 3740 3733 3726 3720 3712 3699 3681 3655
4157 4164 4163 4168 4179 4190 4192 4201 4219 4233 4242 4252 4272 4295 4294 4295 4303 4316 4322 4326 4334 4336 4334 4332 4322 4302 4285 4270 4250 4233 4212 4194 4173 4138 4126 4122 4101 4082 4076 4075 4051 4024 4023 4021 4027 4031 4024 4024 4024 4028 4028 4010 3984 3959 3947 3908 3895 3874 3858 3843 3839 3841 3829 3816 3812 3810 3809 3803 3799 3786 3766 3759 3747 3742 3737 3730 3729 3730 3730 3718 3700 3674 3649 3627
4165 4171 4177 4179 4190 4196 4202 4214 4236 4253 4261 4267 4291 4313 4317 4311 4312 4318 4325 4326 4325 4323 4319 4318 4307 4286 4272 4262 4238 4219 4203 4190 4163 4138 4125 4114 4107 4086 4074 4067 4037 4005 4001 3997 3992 3993 3981 3980 3985 3994 3996 3983 3947 3914 3893 3880 3879 3838 3826 3821 3806 3809 3806 3796 3789 3787 3780 3775 3770 3756 3744 3736 3736 3719 3709 3707 3709 3719 3713 3700 3669 3635 3615 3598
4167 4177 4184 4202 4200 4207 4216 4226 4244 4263 4271 4279 4294 4312 4315 4307 4304 4309 4313 4313 4311 4307 4306 4302 4287 4265 4254 4240 4216 4208 4193 4184 4161 4137 4125 4108 4101 4088 4071 4060 4024 3997 3983 3966 3946 3937 3939 3946 3962 3968 3969 3958 3926 3902 3878 3859 3852 3812 3805 3802 3788 3785 3783 3773 3769 3765 3755 3753 3751 3743 3730 3710 3708 3696 3689 3689 3691 3695 3691 3668 3641 3617 3599 3581
4190 4194 4206 4224 4223 4229 4238 4242 4255 4270 4282 4289 4297 4301 4301 4297 4298 4299 4297 4295 4294 4289 4292 4285 4269 4251 4233 4218 4208 4202 4190 4173 4147 4131 4115 4098 4085 4083 4061 4022 3999 3989 3971 3945 3925 3914 3917 3927 3939 3936 3932 3927 3916 3902 3872 3839 3817 3797 3793 3784 3772 3771 3764 3757 3751 3744 3734 3735 3735 3727 3708 3685 3676 3673 3672 3671 3668 3661 3652 3630 3617 3605 3595 3581
4215 4223 4233 4241 4245 4252 4258 4262 4271 4282 4290 4295 4293 4289 4289 4290 4290 4289 4287 4286 4284 4280 4283 4276 4258 4239 4221 4205 4201 4193 4181 4163 4137 4120 4107 4093 4077 4072 4019 3997 3988 3980 3959 3938 3922 3909 3905 3909 3910 3896 3895 3894 3890 3878 3841 3818 3800 3785 3786 3773 3768 3756 3745 3735 3723 3719 3710 3710 3706 3696 3675 3656 3655 3657 3653 3649 3642 3631 3615 3604 3601 3594 3585 3575
4228 4242 4247 4252 4255 4261 4264 4267 4277 4284 4288 4291 4283 4275 4277 4279 4281 4278 4277 4277 4277 4277 4279 4270 4250 4237 4222 4198 4189 4183 4179 4150 4125 4116 4102 4089 4072 4060 4025 3991 3977 3963 3943 3922 3906 3894 3890 3885 3881 3868 3872 3876 3866 3844 3822 3808 3796 3786 3774 3764 3750 3724 3714 3704 3696 3694 3691 3686 3680 3671 3651 3634 3633 3637 3634 3629 3623 3617 3604 3589 3586 3579 3568 3559
4230 4237 4242 4243 4247 4252 4261 4265 4273 4278 4280 4276 4272 4271 4273 4275 4277 4272 4268 4270 4269 4270 4269 4269 4245 4239 4219 4202 4193 4178 4136 4112 4107 4107 4097 4087 4069 4049 4015 3983 3965 3945 3933 3913 3897 3880 3872 3859 3852 3847 3851 3853 3836 3817 3807 3790 3774 3777 3763 3742 3717 3703 3698 3692 3681 3673 3669 3664 3666 3662 3639 3615 3610 3610 3606 3604 3602 3593 3579 3568 3570 3561 3550 3543
4227 4227 4230 4233 4235 4242 4252 4256 4265 4269 4270 4265 4261 4265 4271 4272 4272 4268 4262 4261 4263 4260 4259 4261 4259 4262 4230 4210 4200 4185 4155 4120 4108 4099 4080 4066 4057 4042 4011 3979 3962 3944 3925 3907 3892 3873 3864 3832 3828 3831 3826 3820 3802 3795 3787 3766 3748 3751 3753 3728 3706 3695 3689 3680 3665 3652 3646 3646 3643 3631 3614 3604 3591 3584 3574 3576 3578 3560 3545 3547 3550 3537 3530 3525
