SRTMGL1_28.169999999999998_85.03_28.3_85.21000000000001.asc
ncols        648
nrows        468
xllcorner    85.029861111146
yllcorner    28.170138888885
cellsize     0.000277777778
NODATA_value -32768
[rows 114 to 151 of 468, columns 168 to 251 of 648]
3264 3225 3193 3172 3133 3078 3043 3008 2989 2965 2936 2905 2891 2884 2866 2856 2852 2823 2798 2782 2777 2755 2736 2730 2739 2752 2775 2774 2782 2788 2801 2821 2828 2832 2841 2865 2893 2909 2916 2921 2935 2948 2958 2969 2983 2994 3009 3032 3046 3062 3075 3080 3085 3093 3103 3112 3119 3124 3132 3140 3148 3156 3174 3202 3278 3301 3294 3300 3311 3326 3341 3353 3375 3407 3422 3431 3446 3459 3464 3454 3446 3439 3435 3434
3285 3249 3208 3173 3148 3114 3064 3014 2982 2959 2937 2912 2892 2879 2866 2848 2832 2811 2791 2765 2749 2741 2727 2725 2733 2745 2749 2756 2766 2777 2789 2805 2811 2814 2829 2858 2886 2902 2908 2915 2927 2939 2949 2963 2976 2985 2998 3017 3034 3048 3060 3065 3071 3079 3086 3094 3103 3114 3121 3128 3139 3157 3171 3187 3231 3266 3265 3280 3300 3317 3328 3339 3352 3370 3402 3416 3416 3412 3412 3419 3416 3420 3419 3419
3283 3244 3204 3186 3161 3124 3099 3052 2995 2957 2936 2922 2891 2873 2860 2848 2806 2791 2770 2756 2743 2721 2721 2716 2718 2730 2743 2749 2750 2757 2774 2789 2803 2813 2821 2835 2864 2885 2897 2910 2918 2926 2934 2943 2959 2973 2985 3000 3019 3037 3046 3053 3058 3066 3072 3076 3086 3100 3111 3120 3130 3150 3169 3184 3206 3232 3255 3278 3304 3312 3321 3330 3340 3354 3384 3408 3377 3374 3379 3389 3393 3403 3413 3423
3281 3239 3214 3194 3180 3137 3125 3079 3016 2959 2931 2920 2902 2881 2868 2840 2810 2797 2770 2746 2721 2721 2717 2709 2708 2714 2727 2748 2744 2744 2769 2791 2805 2815 2823 2836 2852 2870 2886 2898 2906 2914 2923 2933 2943 2956 2971 2980 2992 3011 3030 3038 3043 3050 3059 3065 3074 3087 3098 3117 3134 3150 3166 3182 3200 3222 3245 3268 3299 3314 3316 3330 3331 3338 3349 3360 3351 3353 3360 3369 3381 3402 3419 3439
3286 3263 3220 3207 3194 3150 3133 3083 3045 2973 2952 2926 2911 2893 2871 2842 2808 2787 2759 2745 2726 2713 2703 2696 2684 2676 2707 2723 2755 2743 2763 2784 2789 2799 2821 2837 2846 2857 2869 2882 2892 2898 2903 2916 2934 2947 2954 2965 2982 2994 3009 3022 3028 3041 3051 3055 3061 3070 3089 3108 3129 3145 3166 3184 3197 3210 3231 3252 3275 3301 3309 3313 3316 3319 3329 3337 3339 3350 3358 3366 3384 3410 3426 3442
3292 3283 3238 3211 3192 3162 3142 3088 3048 2989 2952 2934 2906 2901 2878 2840 2807 2788 2756 2736 2724 2713 2703 2689 2675 2679 2678 2699 2711 2737 2759 2762 2766 2779 2804 2823 2837 2846 2856 2864 2873 2883 2893 2903 2916 2934 2947 2956 2974 2988 3000 3017 3029 3032 3035 3036 3042 3058 3074 3091 3112 3135 3157 3182 3202 3213 3227 3226 3253 3257 3271 3279 3288 3289 3308 3327 3342 3355 3367 3377 3396 3419 3434 3452
3299 3278 3245 3236 3195 3163 3139 3116 3062 2998 2960 2937 2919 2897 2879 2849 2821 2790 2753 2724 2715 2705 2680 2672 2657 2659 2662 2679 2693 2722 2729 2744 2757 2771 2791 2809 2821 2833 2842 2848 2857 2876 2894 2906 2918 2933 2942 2958 2963 2961 2971 2985 3008 3017 3021 3029 3049 3066 3075 3102 3125 3141 3165 3182 3197 3215 3227 3230 3241 3249 3246 3257 3277 3294 3308 3327 3347 3360 3377 3392 3407 3427 3443 3468
3318 3301 3277 3240 3210 3182 3160 3121 3092 3018 2969 2933 2927 2913 2890 2859 2834 2788 2758 2723 2703 2682 2670 2652 2650 2647 2649 2652 2665 2701 2713 2720 2733 2755 2777 2789 2803 2817 2827 2840 2852 2869 2890 2909 2927 2941 2948 2956 2913 2915 2924 2949 2988 3015 3033 3055 3077 3092 3100 3122 3147 3167 3188 3195 3207 3227 3238 3246 3255 3262 3263 3279 3293 3310 3320 3334 3351 3365 3387 3408 3423 3440 3465 3488
3326 3309 3283 3264 3226 3204 3174 3140 3101 3046 2980 2952 2930 2920 2890 2852 2828 2788 2745 2728 2696 2675 2664 2653 2650 2639 2630 2638 2644 2653 2677 2702 2716 2736 2757 2776 2790 2802 2820 2837 2845 2846 2868 2888 2900 2906 2921 2933 2912 2919 2931 2957 2985 3033 3058 3084 3094 3104 3121 3144 3170 3194 3200 3207 3230 3258 3269 3275 3278 3284 3293 3309 3316 3327 3334 3344 3359 3378 3408 3432 3447 3463 3490 3507
3337 3311 3276 3259 3224 3212 3187 3147 3102 3046 2988 2959 2936 2925 2877 2848 2820 2767 2741 2733 2682 2670 2657 2646 2639 2638 2631 2627 2630 2638 2658 2678 2702 2724 2744 2765 2782 2801 2820 2840 2835 2835 2857 2868 2889 2902 2917 2930 2925 2949 2965 2993 3015 3036 3066 3093 3104 3114 3130 3155 3187 3204 3216 3225 3238 3260 3279 3290 3299 3304 3319 3334 3339 3345 3354 3358 3368 3390 3423 3450 3465 3480 3503 3525
3339 3315 3276 3245 3218 3200 3186 3138 3077 3024 2990 2956 2935 2925 2873 2833 2793 2772 2747 2718 2687 2658 2646 2628 2624 2624 2625 2627 2626 2623 2653 2674 2685 2700 2731 2762 2783 2796 2794 2811 2825 2842 2856 2872 2885 2902 2922 2939 2941 2994 3014 3036 3044 3058 3083 3100 3112 3132 3152 3174 3192 3204 3218 3235 3249 3263 3279 3298 3311 3321 3335 3342 3353 3367 3375 3376 3382 3403 3428 3448 3468 3487 3509 3537
3352 3316 3278 3246 3214 3199 3148 3111 3050 3008 2987 2951 2933 2891 2871 2833 2787 2763 2750 2717 2691 2660 2636 2626 2617 2610 2617 2627 2626 2624 2650 2674 2680 2694 2713 2746 2766 2773 2769 2790 2849 2838 2862 2881 2896 2915 2935 2979 2996 3028 3040 3057 3068 3081 3097 3108 3117 3139 3158 3170 3179 3195 3224 3240 3249 3262 3283 3302 3315 3324 3332 3345 3359 3372 3383 3394 3400 3409 3423 3452 3476 3499 3518 3541
3351 3294 3268 3233 3196 3174 3145 3074 3029 2997 2981 2962 2932 2891 2869 2828 2791 2762 2740 2714 2692 2660 2639 2624 2607 2601 2601 2603 2609 2620 2633 2660 2685 2696 2708 2720 2735 2754 2758 2813 2838 2847 2854 2876 2903 2933 2956 2969 2999 3030 3054 3070 3075 3086 3099 3110 3121 3136 3149 3158 3169 3185 3207 3235 3249 3265 3284 3297 3309 3318 3327 3342 3360 3371 3384 3398 3406 3416 3429 3457 3483 3511 3528 3545
3304 3264 3255 3226 3196 3148 3078 3042 3006 2990 2982 2965 2946 2914 2872 2834 2798 2749 2734 2718 2691 2663 2640 2626 2610 2598 2592 2590 2591 2605 2622 2635 2642 2673 2694 2708 2725 2752 2798 2834 2846 2848 2861 2884 2910 2926 2938 2957 2986 3029 3054 3064 3068 3073 3091 3106 3116 3126 3138 3150 3164 3182 3209 3230 3246 3262 3273 3287 3300 3314 3323 3337 3354 3366 3374 3398 3408 3419 3444 3464 3491 3515 3528 3548
3285 3257 3239 3207 3191 3108 3063 3038 3002 2989 2970 2966 2940 2919 2872 2832 2793 2745 2730 2711 2690 2665 2639 2624 2614 2595 2589 2585 2585 2593 2600 2613 2638 2659 2673 2688 2728 2762 2799 2841 2848 2851 2865 2893 2910 2917 2924 2945 2964 2993 3026 3050 3055 3062 3078 3102 3105 3111 3123 3139 3156 3177 3199 3222 3234 3248 3263 3279 3298 3312 3321 3331 3345 3359 3369 3388 3407 3421 3444 3470 3500 3517 3536 3559
3260 3238 3211 3196 3155 3093 3046 3009 2982 2966 2967 2949 2926 2909 2861 2828 2809 2752 2717 2698 2676 2660 2642 2623 2611 2598 2589 2584 2585 2591 2616 2646 2659 2679 2690 2705 2743 2755 2787 2834 2848 2853 2861 2876 2896 2907 2914 2928 2941 2956 3000 3030 3041 3046 3067 3083 3090 3096 3114 3124 3140 3161 3175 3193 3220 3246 3258 3272 3290 3307 3313 3327 3341 3354 3368 3386 3406 3429 3450 3476 3496 3523 3544 3569
3235 3213 3202 3176 3146 3081 3018 2984 2968 2954 2953 2922 2908 2885 2855 2823 2803 2764 2726 2684 2657 2645 2635 2618 2606 2601 2593 2590 2590 2600 2613 2621 2650 2692 2725 2739 2738 2742 2745 2757 2804 2832 2844 2855 2878 2888 2900 2918 2929 2948 2979 3011 3022 3028 3040 3055 3070 3089 3109 3123 3129 3149 3166 3184 3217 3237 3254 3267 3275 3292 3307 3321 3337 3350 3363 3378 3408 3438 3455 3482 3504 3525 3544 3574
3214 3192 3182 3146 3083 3038 3005 2982 2959 2942 2922 2919 2915 2888 2859 2806 2809 2763 2703 2673 2652 2637 2628 2616 2606 2601 2590 2585 2589 2596 2614 2622 2627 2656 2723 2740 2740 2749 2750 2773 2800 2818 2836 2859 2875 2882 2894 2910 2922 2938 2971 2999 3009 3010 3015 3035 3068 3097 3121 3122 3129 3149 3178 3193 3210 3228 3247 3264 3272 3286 3298 3315 3333 3346 3356 3371 3403 3438 3465 3492 3512 3534 3547 3568
3184 3169 3150 3102 3056 3021 2984 2967 2949 2920 2918 2917 2885 2866 2834 2807 2800 2739 2703 2654 2642 2630 2627 2621 2610 2592 2583 2577 2577 2583 2602 2620 2620 2667 2702 2719 2738 2748 2761 2776 2792 2812 2833 2850 2855 2873 2897 2913 2920 2938 2963 2990 3004 3006 3013 3031 3059 3093 3096 3100 3117 3150 3182 3199 3220 3234 3258 3275 3278 3280 3291 3306 3330 3346 3377 3405 3428 3444 3481 3512 3514 3538 3549 3567
3118 3108 3100 3039 3029 2991 2981 2935 2901 2904 2890 2882 2872 2843 2819 2798 2761 2735 2697 2655 2640 2627 2621 2614 2584 2564 2571 2569 2566 2562 2553 2591 2625 2663 2687 2700 2717 2737 2757 2770 2784 2801 2816 2831 2848 2859 2869 2904 2918 2927 2945 2973 2992 2999 3012 3041 3057 3067 3071 3099 3125 3145 3169 3173 3212 3246 3268 3279 3273 3276 3285 3298 3326 3352 3384 3416 3436 3455 3508 3502 3521 3534 3548 3563
3084 3072 3045 3030 2987 2975 2930 2904 2858 2865 2868 2843 2849 2831 2817 2788 2763 2703 2687 2661 2636 2623 2609 2593 2560 2550 2555 2560 2557 2557 2577 2608 2631 2665 2681 2692 2712 2729 2749 2765 2775 2789 2808 2827 2844 2851 2872 2896 2908 2913 2923 2940 2964 2990 3023 3041 3048 3060 3074 3100 3130 3149 3161 3170 3195 3229 3246 3256 3265 3278 3289 3312 3334 3352 3411 3444 3467 3494 3501 3506 3518 3530 3539 3551
3053 3029 3011 2996 2981 2934 2906 2847 2849 2831 2829 2822 2826 2819 2808 2794 2718 2698 2683 2661 2630 2615 2593 2567 2547 2545 2550 2550 2558 2569 2583 2604 2625 2651 2675 2696 2714 2730 2745 2753 2768 2788 2808 2821 2829 2836 2852 2876 2902 2914 2924 2953 2971 2982 3007 3031 3042 3057 3070 3087 3110 3141 3155 3154 3187 3218 3236 3253 3271 3291 3306 3322 3338 3356 3392 3414 3442 3464 3489 3507 3512 3518 3524 3530
3022 2992 2994 2984 2936 2904 2845 2845 2825 2815 2807 2811 2808 2808 2789 2740 2702 2677 2659 2645 2634 2611 2583 2558 2544 2540 2539 2544 2558 2570 2579 2587 2605 2633 2658 2683 2703 2713 2727 2748 2766 2786 2795 2808 2819 2828 2843 2869 2898 2912 2925 2941 2965 2979 3009 3022 3027 3042 3061 3078 3102 3133 3148 3162 3180 3203 3225 3245 3272 3298 3313 3329 3340 3356 3373 3395 3433 3466 3482 3492 3497 3500 3505 3513
2989 2952 2948 2943 2911 2876 2844 2821 2804 2783 2779 2783 2789 2782 2741 2701 2673 2637 2640 2634 2617 2592 2567 2541 2534 2539 2537 2544 2556 2566 2571 2573 2594 2617 2637 2651 2673 2693 2711 2739 2760 2769 2779 2799 2806 2819 2838 2863 2888 2905 2914 2922 2934 2963 2993 3012 3022 3038 3056 3076 3094 3117 3140 3156 3176 3196 3221 3244 3268 3283 3291 3302 3321 3342 3364 3388 3421 3446 3458 3466 3481 3485 3492 3501
2938 2918 2924 2901 2878 2853 2821 2806 2789 2780 2775 2746 2742 2740 2693 2663 2628 2617 2603 2606 2591 2571 2560 2543 2531 2538 2549 2544 2554 2566 2564 2570 2582 2602 2624 2643 2657 2680 2707 2728 2745 2754 2761 2779 2796 2808 2823 2838 2854 2870 2880 2901 2925 2954 2978 2996 3012 3031 3060 3078 3089 3107 3135 3152 3169 3190 3219 3236 3251 3261 3264 3276 3305 3332 3354 3378 3394 3413 3428 3447 3461 3471 3482 3489
2906 2887 2877 2873 2852 2834 2810 2802 2779 2762 2750 2736 2719 2695 2667 2634 2623 2599 2590 2584 2573 2563 2545 2546 2543 2544 2556 2548 2550 2556 2562 2568 2577 2591 2611 2639 2666 2683 2701 2716 2726 2739 2753 2770 2785 2796 2806 2817 2831 2857 2880 2901 2919 2938 2964 2987 3005 3019 3040 3065 3083 3107 3134 3150 3160 3176 3201 3221 3233 3248 3256 3266 3286 3319 3348 3365 3378 3392 3412 3429 3442 3450 3462 3472
2869 2865 2848 2849 2827 2812 2798 2778 2751 2742 2727 2716 2705 2691 2667 2638 2604 2593 2587 2574 2563 2562 2558 2548 2540 2542 2546 2549 2547 2553 2566 2572 2578 2585 2595 2623 2645 2665 2692 2707 2720 2735 2750 2760 2773 2787 2801 2812 2835 2863 2884 2900 2912 2925 2944 2978 2997 3003 3017 3047 3076 3098 3119 3138 3148 3163 3187 3200 3220 3239 3253 3263 3277 3303 3333 3350 3368 3381 3398 3420 3424 3427 3437 3455
2858 2851 2844 2826 2811 2792 2781 2755 2742 2730 2717 2705 2699 2685 2667 2631 2607 2601 2591 2581 2562 2564 2560 2549 2543 2543 2543 2534 2549 2533 2566 2581 2585 2590 2597 2605 2618 2654 2685 2705 2715 2720 2731 2745 2760 2779 2793 2805 2825 2850 2871 2888 2900 2926 2944 2962 2984 2995 3006 3018 3046 3077 3095 3114 3134 3156 3182 3198 3214 3239 3252 3265 3280 3292 3306 3326 3351 3372 3387 3401 3408 3409 3425 3442
2841 2842 2828 2814 2797 2787 2779 2755 2738 2727 2712 2706 2703 2691 2668 2647 2633 2609 2601 2590 2579 2562 2560 2561 2575 2569 2555 2547 2542 2538 2550 2560 2595 2603 2613 2611 2624 2640 2667 2690 2694 2701 2717 2741 2757 2770 2785 2804 2822 2836 2850 2865 2897 2927 2943 2953 2967 2980 2995 3014 3037 3062 3084 3102 3132 3154 3177 3199 3208 3256 3283 3287 3278 3278 3294 3316 3340 3359 3374 3383 3390 3399 3416 3434
2832 2834 2821 2813 2796 2790 2784 2772 2736 2735 2723 2716 2709 2702 2685 2673 2649 2632 2616 2605 2600 2602 2608 2606 2595 2581 2561 2548 2542 2563 2575 2427 2597 2633 2641 2645 2642 2638 2658 2672 2681 2699 2725 2743 2755 2762 2778 2796 2815 2827 2839 2858 2889 2921 2934 2945 2954 2967 2984 3006 3031 3055 3070 3096 3129 3154 3166 3180 3184 3193 3269 3274 3263 3265 3285 3312 3336 3354 3367 3371 3379 3393 3409 3421
2830 2829 2827 2817 2805 2802 2799 2791 2784 2736 2734 2724 2726 2715 2707 2696 2674 2662 2653 2644 2629 2633 2621 2611 2606 2588 2579 2567 2564 2558 2577 2598 2644 2667 2669 2674 2670 2665 2663 2670 2684 2710 2731 2735 2741 2754 2769 2785 2800 2814 2826 2842 2869 2896 2918 2931 2941 2954 2972 2994 3016 3039 3059 3084 3124 3144 3163 3178 3179 3209 3235 3242 3255 3268 3290 3314 3331 3332 3340 3352 3366 3389 3405 3417
2847 2846 2847 2824 2817 2808 2801 2802 2808 2796 2773 2750 2743 2742 2719 2711 2703 2693 2680 2655 2650 2649 2632 2620 2606 2597 2584 2575 2573 2582 2593 2630 2675 2682 2688 2689 2686 2678 2686 2694 2708 2724 2718 2722 2736 2754 2764 2776 2792 2809 2818 2836 2855 2878 2894 2912 2927 2942 2962 2982 2998 3017 3039 3078 3108 3137 3172 3182 3196 3201 3203 3230 3252 3268 3288 3300 3311 3317 3323 3337 3363 3383 3396 3410
2873 2869 2857 2843 2822 2818 2812 2810 2806 2808 2796 2766 2762 2762 2747 2741 2731 2724 2716 2700 2673 2652 2648 2625 2608 2599 2590 2584 2574 2582 2605 2633 2682 2693 2701 2701 2700 2695 2694 2705 2720 2724 2721 2724 2753 2765 2769 2778 2800 2811 2822 2836 2850 2869 2886 2902 2915 2931 2947 2960 2969 2988 3045 3079 3073 3092 3113 3145 3166 3191 3207 3219 3234 3244 3255 3276 3295 3305 3311 3322 3343 3366 3376 3385
2893 2884 2866 2853 2847 2838 2821 2815 2829 2828 2824 2794 2792 2788 2777 2773 2774 2748 2728 2719 2700 2659 2645 2630 2615 2596 2587 2575 2579 2578 2591 2624 2692 2710 2723 2728 2729 2724 2720 2733 2738 2735 2725 2758 2775 2781 2781 2794 2807 2816 2821 2832 2844 2867 2893 2903 2913 2925 2939 2946 2953 2998 3078 3075 3074 3082 3101 3124 3153 3177 3194 3200 3208 3218 3229 3252 3271 3285 3298 3314 3331 3340 3349 3366
2911 2905 2892 2877 2865 2862 2860 2858 2847 2829 2834 2820 2815 2799 2793 2794 2783 2778 2747 2723 2709 2670 2649 2638 2623 2601 2586 2569 2567 2572 2592 2632 2682 2709 2745 2742 2740 2739 2744 2750 2752 2751 2768 2785 2779 2789 2790 2804 2815 2820 2827 2839 2843 2896 2908 2910 2917 2935 2922 2930 2957 3020 3019 3064 3067 3084 3100 3118 3142 3160 3174 3184 3185 3182 3213 3241 3264 3273 3284 3296 3309 3318 3325 3336
2923 2916 2910 2900 2888 2874 2867 2868 2860 2852 2848 2846 2836 2830 2825 2802 2790 2777 2745 2719 2707 2669 2650 2639 2628 2587 2563 2537 2529 2565 2598 2640 2665 2701 2742 2738 2750 2764 2770 2761 2780 2792 2790 2792 2802 2794 2805 2808 2826 2834 2844 2856 2866 2881 2893 2912 2916 2929 2927 2934 2960 2981 3014 3054 3061 3074 3092 3108 3119 3129 3146 3163 3161 3168 3203 3247 3254 3256 3261 3272 3294 3308 3316 3328
2941 2933 2924 2913 2900 2890 2886 2883 2869 2862 2862 2858 2846 2834 2822 2814 2794 2771 2742 2711 2702 2674 2641 2629 2605 2569 2539 2514 2517 2534 2594 2638 2667 2709 2731 2759 2774 2780 2792 2797 2797 2803 2832 2821 2815 2809 2816 2828 2843 2855 2869 2871 2880 2896 2910 2924 2934 2931 2941 2948 2966 2982 3006 3059 3062 3070 3080 3093 3104 3112 3133 3140 3146 3157 3189 3215 3227 3229 3237 3260 3286 3304 3309 3321
2952 2937 2934 2939 2923 2911 2903 2891 2878 2872 2867 2862 2853 2843 2820 2812 2790 2774 2725 2707 2672 2657 2636 2605 2566 2545 2522 2507 2514 2523 2579 2635 2666 2712 2746 2785 2769 2778 2800 2809 2819 2837 2862 2832 2832 2831 2838 2852 2866 2877 2897 2903 2911 2914 2928 2937 2945 2945 2947 2965 2981 2990 3007 3017 3023 3035 3051 3086 3096 3112 3127 3134 3142 3154 3171 3194 3212 3218 3229 3247 3262 3277 3288 3296
