SRTMGL1_31.22_103.55_31.35_103.71000000000001.asc
ncols        576
nrows        468
xllcorner    103.549861111149
yllcorner    31.220138888885
cellsize     0.000277777778
NODATA_value -32768
[rows 228 to 265 of 468, columns 336 to 419 of 576]
2464 2488 2512 2536 2557 2577 2591 2606 2619 2630 2638 2645 2649 2651 2651 2647 2640 2633 2624 2615 2605 2597 2587 2577 2566 2556 2543 2531 2516 2501 2485 2468 2449 2432 2414 2396 2379 2361 2344 2326 2309 2292 2275 2257 2240 2223 2205 2188 2171 2154 2137 2119 2102 2084 2067 2049 2031 2013 1995 1976 1956 1936 1916 1897 1879 1865 1852 1841 1832 1823 1816 1812 1810 1810 1813 1819 1827 1836 1846 1857 1869 1880 1891 1903
2465 2487 2511 2532 2554 2571 2586 2600 2612 2621 2630 2636 2639 2641 2639 2635 2628 2619 2610 2601 2591 2582 2572 2562 2551 2540 2528 2515 2501 2486 2471 2453 2436 2418 2401 2383 2366 2349 2332 2315 2298 2281 2264 2247 2230 2213 2195 2178 2161 2144 2127 2109 2092 2075 2057 2040 2022 2004 1986 1967 1947 1927 1907 1888 1871 1856 1844 1833 1824 1816 1809 1805 1803 1804 1807 1813 1821 1831 1842 1854 1864 1876 1888 1900
2466 2489 2509 2531 2550 2567 2580 2592 2604 2612 2619 2624 2628 2628 2626 2621 2613 2604 2595 2585 2575 2566 2555 2545 2535 2523 2511 2497 2484 2470 2454 2437 2421 2403 2386 2369 2353 2337 2319 2303 2287 2269 2252 2236 2219 2202 2185 2168 2151 2133 2116 2099 2082 2065 2047 2030 2012 1994 1976 1957 1937 1917 1897 1878 1861 1847 1835 1824 1815 1807 1802 1797 1796 1796 1800 1807 1816 1826 1838 1849 1861 1873 1884 1897
2471 2489 2510 2528 2546 2561 2573 2584 2594 2602 2608 2612 2614 2614 2611 2605 2597 2588 2578 2567 2557 2547 2537 2527 2516 2504 2492 2479 2466 2452 2436 2421 2404 2388 2371 2355 2338 2322 2307 2290 2274 2257 2240 2224 2207 2191 2174 2156 2139 2122 2105 2088 2071 2054 2037 2019 2002 1984 1966 1947 1927 1907 1887 1868 1851 1837 1825 1815 1806 1798 1793 1789 1787 1788 1793 1800 1809 1820 1832 1845 1857 1869 1880 1893
2473 2492 2509 2526 2541 2555 2565 2575 2583 2590 2595 2597 2599 2599 2594 2588 2580 2570 2559 2548 2538 2528 2517 2507 2496 2484 2472 2459 2447 2432 2417 2403 2386 2371 2354 2339 2324 2308 2292 2276 2260 2244 2228 2212 2195 2179 2162 2145 2128 2111 2094 2077 2060 2043 2026 2008 1991 1973 1956 1937 1917 1897 1877 1858 1841 1827 1815 1805 1796 1789 1784 1781 1779 1780 1785 1793 1803 1814 1827 1840 1853 1864 1876 1889
2480 2495 2510 2524 2538 2548 2558 2565 2572 2578 2581 2583 2584 2582 2578 2570 2561 2551 2540 2529 2518 2508 2497 2487 2475 2464 2452 2440 2426 2413 2399 2384 2369 2353 2339 2323 2308 2292 2277 2262 2247 2231 2215 2199 2182 2166 2150 2133 2117 2100 2082 2065 2048 2032 2015 1997 1980 1963 1945 1926 1906 1886 1867 1848 1831 1817 1805 1795 1787 1780 1775 1771 1770 1772 1778 1786 1796 1809 1822 1835 1848 1859 1871 1884
2485 2498 2511 2525 2534 2543 2551 2556 2562 2565 2568 2569 2568 2565 2559 2552 2543 2531 2520 2509 2498 2487 2476 2466 2454 2444 2432 2419 2406 2393 2379 2365 2351 2336 2321 2307 2292 2278 2262 2248 2233 2218 2202 2186 2171 2154 2137 2121 2105 2088 2071 2054 2037 2020 2003 1986 1969 1952 1935 1916 1896 1876 1857 1838 1822 1808 1796 1786 1778 1771 1766 1763 1763 1765 1771 1779 1791 1803 1817 1830 1842 1855 1867 1880
2491 2502 2515 2523 2532 2539 2544 2549 2551 2554 2555 2554 2553 2549 2542 2534 2523 2513 2501 2489 2478 2468 2456 2446 2435 2423 2411 2399 2386 2374 2360 2347 2333 2319 2305 2291 2276 2262 2248 2233 2219 2204 2188 2173 2158 2141 2125 2109 2092 2076 2060 2042 2026 2009 1992 1976 1959 1942 1925 1906 1887 1867 1848 1829 1813 1799 1788 1778 1770 1763 1759 1756 1756 1759 1765 1774 1785 1798 1812 1826 1838 1851 1863 1875
2497 2509 2519 2526 2533 2537 2541 2542 2543 2544 2543 2542 2538 2533 2525 2516 2506 2494 2482 2470 2459 2448 2437 2426 2415 2403 2391 2379 2368 2355 2342 2329 2315 2302 2289 2275 2262 2247 2234 2220 2205 2191 2176 2160 2145 2129 2113 2097 2080 2064 2048 2032 2014 1998 1982 1965 1949 1932 1915 1897 1878 1858 1839 1822 1806 1792 1782 1772 1763 1757 1753 1751 1751 1754 1760 1769 1781 1795 1809 1823 1835 1847 1859 1871
2502 2516 2527 2533 2534 2538 2537 2538 2537 2534 2532 2529 2523 2517 2509 2499 2488 2476 2464 2452 2441 2430 2419 2408 2396 2385 2373 2361 2349 2337 2325 2312 2300 2286 2274 2260 2247 2234 2220 2206 2193 2178 2163 2148 2133 2117 2101 2085 2069 2053 2036 2021 2005 1987 1971 1955 1939 1923 1906 1888 1870 1851 1833 1815 1800 1787 1777 1767 1759 1753 1749 1747 1748 1751 1757 1767 1778 1792 1806 1820 1832 1844 1856 1868
2516 2534 2531 2541 2543 2537 2539 2534 2530 2527 2522 2516 2509 2501 2492 2483 2471 2459 2446 2435 2423 2412 2400 2389 2378 2366 2354 2344 2331 2320 2308 2296 2283 2272 2258 2246 2232 2220 2207 2193 2179 2165 2151 2136 2120 2105 2089 2073 2057 2041 2025 2009 1994 1977 1961 1945 1930 1914 1898 1880 1863 1844 1827 1810 1795 1783 1772 1763 1756 1750 1747 1745 1746 1749 1755 1765 1776 1790 1803 1817 1830 1841 1853 1864
2513 2528 2553 2544 2544 2546 2537 2531 2527 2520 2511 2503 2494 2486 2476 2465 2453 2441 2429 2417 2404 2393 2382 2370 2360 2348 2337 2326 2314 2303 2291 2280 2267 2256 2244 2231 2219 2206 2193 2179 2166 2153 2138 2124 2108 2093 2076 2061 2045 2029 2014 1998 1983 1967 1951 1936 1920 1905 1889 1873 1856 1838 1821 1805 1791 1779 1769 1761 1754 1749 1745 1744 1745 1748 1754 1763 1775 1788 1802 1815 1827 1838 1850 1861
2511 2525 2543 2567 2551 2548 2536 2531 2521 2511 2500 2490 2479 2469 2458 2447 2435 2423 2411 2399 2387 2375 2364 2354 2342 2330 2320 2308 2297 2285 2275 2263 2252 2240 2229 2216 2205 2191 2179 2167 2153 2139 2125 2111 2096 2081 2064 2049 2033 2018 2002 1987 1972 1957 1941 1926 1911 1896 1881 1866 1849 1833 1817 1801 1788 1776 1767 1759 1753 1748 1745 1744 1745 1748 1754 1763 1774 1787 1800 1813 1825 1836 1847 1858
2510 2524 2540 2559 2557 2543 2537 2527 2513 2501 2489 2475 2464 2453 2441 2429 2417 2406 2394 2382 2370 2358 2347 2336 2324 2314 2302 2291 2280 2268 2258 2247 2236 2226 2214 2203 2190 2177 2165 2153 2139 2126 2112 2098 2083 2068 2052 2037 2021 2006 1991 1976 1961 1947 1932 1917 1902 1888 1874 1859 1843 1828 1812 1798 1786 1774 1766 1759 1753 1748 1745 1744 1745 1748 1755 1763 1774 1786 1799 1811 1823 1833 1844 1855
2511 2529 2540 2554 2553 2543 2533 2516 2503 2490 2475 2461 2449 2435 2423 2412 2400 2388 2376 2364 2353 2341 2330 2319 2307 2296 2285 2274 2263 2253 2242 2232 2221 2211 2199 2188 2176 2164 2152 2138 2126 2113 2099 2086 2071 2056 2040 2025 2009 1994 1979 1965 1951 1936 1922 1907 1894 1880 1866 1852 1838 1823 1809 1796 1783 1773 1765 1759 1753 1749 1747 1746 1747 1750 1756 1764 1775 1786 1798 1810 1821 1831 1842 1852
2509 2530 2546 2552 2548 2537 2516 2505 2493 2476 2461 2446 2432 2418 2406 2394 2382 2370 2358 2347 2336 2324 2313 2302 2291 2279 2268 2257 2246 2236 2225 2216 2205 2195 2184 2174 2162 2150 2138 2126 2113 2100 2086 2073 2058 2044 2028 2013 1997 1983 1968 1954 1940 1926 1913 1898 1885 1872 1859 1846 1832 1819 1806 1793 1782 1773 1766 1759 1754 1751 1749 1748 1749 1752 1758 1766 1776 1786 1798 1809 1820 1829 1839 1849
2507 2529 2545 2546 2529 2511 2504 2493 2475 2461 2446 2429 2414 2401 2389 2376 2365 2353 2342 2331 2319 2308 2297 2285 2274 2262 2252 2240 2230 2219 2210 2200 2190 2180 2170 2159 2148 2136 2124 2112 2099 2087 2074 2060 2046 2031 2017 2000 1986 1971 1957 1943 1929 1916 1902 1889 1877 1864 1852 1840 1827 1815 1803 1791 1781 1773 1766 1761 1756 1753 1751 1751 1752 1755 1760 1768 1776 1787 1797 1808 1818 1827 1837 1846
2517 2531 2535 2531 2512 2489 2491 2471 2459 2446 2428 2412 2398 2384 2372 2360 2348 2336 2325 2314 2302 2291 2280 2269 2257 2246 2235 2225 2214 2204 2194 2184 2175 2165 2155 2144 2133 2122 2110 2099 2086 2074 2060 2048 2033 2019 2003 1988 1973 1959 1945 1932 1919 1906 1892 1880 1868 1856 1845 1834 1822 1811 1800 1790 1781 1774 1768 1763 1759 1756 1754 1754 1755 1758 1763 1769 1778 1787 1797 1807 1816 1825 1833 1842
2525 2530 2523 2512 2502 2472 2466 2453 2445 2425 2410 2396 2381 2368 2355 2343 2332 2320 2309 2297 2286 2275 2263 2252 2240 2229 2219 2208 2198 2187 2177 2168 2159 2149 2140 2129 2118 2108 2096 2085 2072 2061 2047 2035 2020 2006 1990 1976 1961 1947 1933 1920 1908 1894 1882 1871 1859 1849 1838 1828 1818 1808 1798 1789 1782 1775 1770 1766 1762 1760 1759 1758 1759 1762 1765 1772 1779 1788 1797 1806 1814 1822 1830 1838
2524 2522 2506 2496 2482 2458 2439 2441 2422 2409 2395 2378 2364 2352 2339 2328 2315 2304 2292 2281 2269 2258 2247 2235 2224 2213 2202 2192 2181 2171 2161 2152 2143 2134 2124 2115 2104 2093 2082 2071 2059 2047 2034 2022 2007 1993 1978 1963 1948 1934 1921 1909 1896 1884 1872 1861 1851 1841 1831 1822 1813 1805 1796 1789 1783 1778 1773 1770 1767 1765 1764 1763 1764 1766 1770 1775 1782 1789 1797 1805 1812 1819 1826 1833
2512 2502 2486 2475 2460 2440 2427 2416 2408 2397 2377 2362 2350 2336 2324 2313 2300 2288 2276 2266 2254 2243 2231 2220 2208 2197 2186 2176 2165 2155 2145 2136 2128 2119 2109 2100 2089 2079 2068 2057 2045 2034 2021 2008 1995 1981 1965 1950 1936 1922 1909 1897 1885 1873 1863 1852 1843 1834 1825 1817 1810 1802 1795 1790 1785 1781 1777 1774 1772 1770 1769 1769 1769 1771 1774 1779 1785 1791 1797 1804 1810 1816 1823 1829
2498 2486 2473 2458 2438 2428 2415 2400 2399 2376 2364 2351 2335 2322 2311 2297 2285 2274 2262 2251 2240 2227 2216 2205 2193 2181 2171 2160 2149 2139 2130 2121 2112 2104 2095 2086 2075 2065 2054 2042 2032 2020 2008 1995 1982 1967 1953 1938 1924 1910 1898 1886 1874 1863 1853 1844 1835 1827 1819 1812 1806 1800 1795 1791 1787 1784 1781 1779 1777 1776 1775 1775 1776 1777 1780 1784 1788 1793 1799 1804 1810 1815 1820 1826
2489 2487 2471 2444 2423 2414 2403 2391 2386 2366 2355 2337 2322 2311 2296 2285 2272 2260 2248 2236 2226 2213 2202 2190 2179 2167 2156 2145 2134 2124 2115 2106 2097 2089 2080 2071 2061 2050 2040 2029 2017 2006 1994 1982 1969 1955 1941 1926 1913 1899 1887 1875 1864 1854 1845 1836 1828 1821 1814 1808 1803 1799 1795 1792 1790 1788 1786 1784 1783 1782 1781 1782 1782 1784 1786 1789 1793 1797 1801 1806 1810 1815 1820 1825
2474 2483 2467 2443 2425 2407 2392 2382 2374 2358 2339 2325 2311 2297 2284 2273 2260 2248 2237 2225 2213 2200 2189 2177 2165 2153 2142 2130 2119 2109 2100 2092 2083 2074 2066 2057 2046 2037 2026 2016 2005 1994 1982 1970 1956 1943 1929 1915 1902 1889 1876 1865 1855 1846 1837 1829 1822 1815 1810 1805 1801 1798 1796 1795 1793 1792 1791 1790 1790 1788 1789 1789 1790 1791 1793 1796 1799 1802 1805 1809 1813 1817 1821 1826
2476 2472 2449 2437 2427 2406 2387 2371 2345 2339 2326 2315 2300 2287 2275 2263 2251 2239 2226 2214 2202 2189 2176 2164 2152 2140 2128 2116 2106 2096 2087 2078 2069 2061 2052 2042 2033 2024 2013 2002 1992 1980 1969 1958 1945 1932 1918 1905 1892 1878 1867 1857 1847 1839 1831 1823 1817 1811 1806 1802 1800 1798 1797 1797 1797 1797 1796 1796 1795 1796 1796 1797 1798 1800 1801 1803 1806 1808 1811 1814 1818 1821 1825 1829
2460 2448 2440 2427 2415 2397 2385 2352 2328 2326 2316 2299 2288 2278 2265 2254 2242 2230 2217 2205 2191 2178 2166 2152 2140 2127 2114 2103 2092 2082 2073 2065 2056 2047 2038 2029 2020 2010 2000 1990 1980 1968 1958 1946 1934 1921 1908 1895 1881 1869 1858 1849 1840 1832 1825 1818 1812 1808 1804 1800 1799 1799 1800 1800 1801 1802 1802 1802 1803 1803 1804 1806 1807 1808 1810 1812 1814 1816 1818 1821 1824 1827 1831 1835
2449 2436 2425 2406 2397 2389 2362 2350 2321 2306 2297 2289 2280 2269 2258 2247 2235 2222 2209 2195 2182 2168 2154 2141 2127 2114 2102 2090 2079 2069 2061 2052 2043 2034 2026 2017 2007 1997 1987 1977 1966 1956 1946 1934 1923 1910 1898 1884 1872 1861 1851 1842 1834 1826 1819 1814 1809 1805 1801 1799 1799 1800 1802 1804 1806 1808 1808 1809 1811 1812 1813 1815 1816 1818 1820 1821 1823 1825 1827 1829 1832 1835 1838 1842
2437 2424 2408 2391 2374 2318 2316 2313 2306 2297 2287 2283 2270 2262 2254 2241 2229 2216 2202 2187 2172 2158 2143 2129 2115 2102 2090 2078 2067 2057 2048 2039 2030 2022 2013 2004 1994 1984 1975 1964 1954 1944 1933 1923 1912 1900 1887 1875 1863 1853 1843 1835 1828 1821 1815 1810 1806 1802 1800 1799 1800 1803 1805 1808 1812 1813 1815 1817 1819 1821 1823 1825 1826 1828 1830 1831 1833 1834 1836 1838 1841 1844 1847 1850
2428 2414 2396 2377 2359 2333 2284 2292 2289 2279 2277 2267 2264 2260 2248 2239 2226 2211 2196 2179 2163 2147 2132 2117 2103 2091 2077 2066 2055 2045 2035 2026 2018 2009 2000 1992 1981 1972 1962 1952 1943 1932 1922 1912 1901 1889 1877 1866 1855 1845 1836 1829 1822 1816 1811 1807 1802 1800 1799 1800 1802 1805 1809 1813 1816 1820 1822 1825 1828 1830 1833 1835 1837 1839 1841 1842 1844 1845 1847 1848 1851 1854 1857 1860
2418 2400 2386 2362 2341 2322 2312 2294 2280 2264 2261 2264 2265 2254 2247 2237 2223 2206 2189 2171 2154 2137 2120 2106 2092 2079 2066 2055 2043 2032 2023 2014 2006 1997 1988 1979 1969 1959 1950 1940 1930 1920 1911 1901 1890 1879 1868 1857 1847 1838 1830 1823 1817 1812 1807 1803 1800 1799 1799 1800 1804 1808 1813 1817 1822 1827 1830 1834 1837 1840 1843 1846 1848 1851 1853 1854 1855 1857 1858 1860 1862 1865 1868 1871
2412 2399 2378 2356 2335 2313 2303 2286 2281 2259 2260 2261 2254 2253 2249 2237 2221 2203 2183 2164 2145 2126 2109 2094 2080 2067 2055 2043 2031 2021 2012 2003 1994 1985 1976 1966 1957 1947 1937 1928 1919 1909 1900 1890 1880 1870 1859 1849 1840 1831 1824 1818 1812 1808 1803 1801 1799 1798 1799 1802 1806 1811 1817 1823 1829 1834 1838 1842 1846 1850 1854 1857 1860 1862 1865 1866 1867 1869 1870 1872 1874 1877 1880 1883
2411 2396 2370 2349 2326 2309 2298 2280 2265 2260 2260 2253 2260 2263 2249 2244 2221 2199 2178 2155 2132 2114 2098 2083 2070 2056 2045 2032 2021 2010 2001 1991 1982 1973 1964 1954 1944 1935 1926 1916 1907 1897 1888 1879 1870 1860 1850 1841 1832 1825 1818 1813 1808 1803 1801 1799 1798 1798 1800 1803 1809 1814 1821 1829 1836 1842 1847 1852 1856 1861 1865 1868 1872 1875 1877 1879 1880 1881 1883 1884 1887 1889 1893 1896
2417 2407 2392 2345 2323 2304 2290 2275 2259 2255 2253 2247 2264 2259 2267 2253 2228 2198 2169 2141 2121 2103 2088 2074 2060 2047 2035 2022 2011 2001 1990 1980 1971 1961 1952 1942 1933 1923 1914 1904 1895 1886 1877 1869 1860 1851 1842 1833 1825 1818 1813 1808 1803 1800 1798 1797 1797 1798 1801 1805 1811 1818 1826 1835 1843 1850 1856 1861 1867 1872 1876 1881 1885 1888 1891 1893 1894 1896 1897 1899 1901 1904 1907 1911
2423 2417 2392 2349 2323 2295 2279 2266 2266 2251 2247 2242 2277 2299 2343 2249 2224 2198 2154 2128 2108 2092 2078 2064 2052 2039 2025 2014 2003 1992 1981 1970 1960 1950 1940 1930 1921 1911 1902 1893 1884 1875 1867 1859 1850 1842 1834 1826 1819 1812 1807 1803 1800 1798 1796 1796 1797 1799 1802 1807 1814 1823 1832 1842 1851 1859 1865 1872 1877 1883 1889 1893 1899 1902 1906 1908 1910 1911 1913 1915 1917 1921 1924 1928
2413 2405 2397 2348 2316 2288 2274 2222 2217 2275 2244 2238 2223 2278 2274 2277 2231 2161 2135 2117 2097 2081 2069 2057 2043 2030 2018 2006 1995 1983 1972 1962 1951 1940 1930 1920 1910 1900 1891 1882 1873 1865 1857 1849 1841 1833 1826 1819 1812 1807 1802 1799 1797 1795 1795 1795 1797 1800 1803 1810 1818 1828 1838 1849 1859 1868 1875 1881 1888 1895 1901 1907 1912 1917 1921 1924 1926 1928 1930 1932 1935 1938 1942 1946
2398 2396 2394 2338 2317 2288 2218 2227 2237 2240 2258 2238 2226 2218 2232 2190 2181 2154 2119 2096 2085 2072 2063 2049 2035 2024 2012 2000 1987 1976 1964 1952 1941 1930 1920 1909 1899 1890 1880 1871 1862 1854 1846 1839 1832 1825 1818 1812 1806 1801 1798 1795 1794 1793 1794 1795 1797 1801 1806 1813 1823 1833 1845 1856 1867 1877 1884 1892 1900 1908 1914 1921 1927 1933 1937 1940 1942 1945 1947 1949 1953 1956 1961 1965
2394 2393 2391 2339 2302 2267 2244 2241 2241 2232 2251 2237 2227 2222 2211 2144 2133 2094 2103 2082 2073 2068 2055 2042 2029 2018 2006 1994 1980 1969 1956 1943 1932 1921 1910 1899 1889 1879 1869 1860 1852 1844 1836 1829 1823 1816 1810 1805 1800 1796 1794 1792 1792 1792 1792 1795 1798 1803 1809 1817 1828 1839 1852 1864 1876 1885 1895 1904 1912 1920 1928 1935 1941 1948 1952 1956 1959 1961 1964 1967 1970 1975 1979 1984
2390 2389 2390 2353 2325 2301 2279 2264 2265 2251 2244 2236 2227 2219 2198 2175 2128 2104 2071 2078 2072 2060 2048 2036 2025 2013 2000 1987 1974 1961 1948 1935 1923 1911 1899 1888 1878 1868 1859 1850 1841 1834 1826 1820 1814 1808 1803 1798 1794 1792 1790 1790 1789 1790 1792 1796 1800 1805 1812 1821 1833 1845 1858 1872 1883 1895 1905 1914 1924 1932 1941 1948 1955 1962 1967 1971 1975 1978 1981 1984 1988 1992 1997 2002
