SRTMGL1_28.169999999999998_84.83_28.3_85.01.asc
ncols        648
nrows        468
xllcorner    84.829861111146
yllcorner    28.170138888885
cellsize     0.000277777778
NODATA_value -32768
[rows 37 to 73 of 468, columns 255 to 339 of 648]
1021 1036 1083 1109 1158 1187 1201 1218 1245 1265 1282 1296 1302 1311 1311 1310 1308 1305 1309 1318 1326 1324 1325 1329 1332 1335 1330 1322 1316 1311 1301 1299 1301 1302 1306 1313 1313 1308 1307 1302 1302 1310 1312 1365 1406 1408 1413 1410 1413 1424 1436 1449 1456 1476 1483 1495 1497 1508 1526 1538 1550 1561 1571 1588 1604 1617 1628 1644 1661 1691 1721 1734 1759 1790 1822 1853 1875 1901 1901 1909 1910 1905 1885 1869 1851
1004 1030 1061 1101 1147 1186 1204 1224 1251 1269 1287 1300 1305 1310 1316 1321 1320 1317 1322 1337 1337 1335 1336 1340 1343 1342 1338 1331 1332 1336 1328 1316 1308 1302 1303 1308 1319 1325 1323 1319 1318 1321 1324 1332 1393 1420 1423 1424 1426 1437 1450 1462 1465 1475 1484 1490 1501 1517 1532 1548 1557 1566 1579 1597 1616 1630 1643 1661 1680 1705 1723 1742 1760 1794 1824 1850 1871 1942 1939 1935 1933 1926 1916 1903 1887
986 1004 1046 1085 1137 1188 1206 1223 1252 1269 1282 1298 1310 1327 1333 1337 1332 1324 1333 1339 1342 1338 1347 1352 1352 1349 1345 1344 1345 1346 1335 1324 1314 1304 1303 1309 1324 1335 1338 1335 1334 1334 1333 1349 1378 1404 1421 1426 1433 1444 1451 1461 1468 1475 1488 1490 1503 1521 1541 1557 1569 1580 1591 1610 1630 1646 1661 1676 1697 1717 1730 1744 1771 1788 1827 1851 1882 1899 1924 1952 1945 1941 1939 1929 1919
972 993 1015 1070 1125 1191 1210 1222 1246 1268 1281 1296 1312 1336 1341 1347 1344 1342 1342 1344 1343 1351 1358 1361 1362 1363 1360 1358 1357 1351 1341 1330 1322 1318 1317 1321 1334 1349 1353 1348 1343 1338 1340 1352 1374 1392 1409 1420 1430 1446 1456 1463 1467 1475 1496 1500 1513 1528 1549 1565 1582 1591 1606 1624 1644 1660 1670 1680 1701 1716 1730 1743 1767 1817 1856 1855 1878 1911 1934 1963 1970 1973 1974 1959 1936
968 974 998 1042 1113 1190 1216 1229 1242 1268 1282 1297 1316 1339 1345 1347 1348 1349 1353 1359 1363 1371 1379 1375 1378 1382 1383 1375 1367 1358 1345 1337 1333 1334 1338 1348 1372 1378 1366 1357 1347 1343 1342 1353 1361 1377 1400 1413 1431 1448 1465 1468 1471 1481 1496 1503 1515 1537 1549 1569 1588 1596 1615 1636 1656 1664 1672 1681 1698 1709 1721 1735 1773 1811 1851 1881 1901 1913 1943 1993 1997 2003 1998 1979 1959
959 968 978 1005 1075 1153 1209 1228 1250 1273 1293 1335 1337 1340 1346 1352 1362 1372 1383 1392 1403 1403 1401 1395 1397 1399 1396 1387 1376 1371 1361 1353 1353 1350 1356 1370 1392 1388 1380 1371 1364 1355 1351 1355 1361 1379 1397 1412 1429 1451 1469 1475 1481 1493 1498 1513 1536 1545 1557 1579 1594 1609 1623 1652 1665 1672 1679 1687 1701 1714 1724 1742 1770 1806 1827 1876 1905 1936 1955 1984 2024 2018 2004 1991 1976
960 962 971 1015 1072 1135 1212 1241 1254 1279 1298 1321 1342 1346 1349 1358 1373 1385 1395 1407 1414 1416 1417 1422 1419 1413 1409 1401 1395 1386 1377 1373 1368 1364 1363 1375 1388 1394 1390 1381 1376 1369 1364 1368 1373 1383 1397 1410 1427 1443 1460 1482 1496 1505 1513 1520 1545 1553 1568 1588 1608 1628 1648 1665 1678 1683 1691 1699 1709 1715 1726 1744 1777 1800 1821 1867 1896 1929 1968 1994 2034 2031 2020 2007 1994
947 956 972 1005 1045 1139 1204 1247 1263 1279 1296 1318 1340 1345 1345 1352 1368 1381 1399 1417 1428 1430 1435 1438 1435 1429 1427 1423 1415 1408 1399 1389 1381 1372 1373 1374 1382 1402 1402 1399 1398 1399 1393 1385 1383 1384 1391 1407 1424 1439 1459 1475 1490 1506 1526 1540 1552 1562 1572 1591 1622 1642 1658 1675 1689 1697 1706 1713 1717 1728 1745 1761 1787 1802 1819 1857 1894 1933 1987 2018 2038 2041 2033 2028 2011
939 946 959 970 1039 1125 1248 1256 1259 1274 1293 1314 1334 1343 1345 1361 1378 1383 1395 1422 1430 1437 1444 1449 1452 1451 1445 1440 1430 1423 1414 1403 1391 1381 1375 1371 1388 1407 1417 1420 1416 1412 1405 1398 1392 1388 1394 1404 1418 1437 1457 1476 1494 1499 1523 1548 1553 1564 1574 1597 1625 1641 1656 1674 1692 1712 1720 1722 1725 1734 1749 1769 1790 1806 1823 1853 1887 1921 1976 2014 2031 2039 2039 2040 2036
943 944 947 963 983 1124 1249 1252 1252 1266 1287 1314 1337 1343 1353 1367 1388 1392 1404 1418 1432 1443 1450 1453 1455 1455 1456 1449 1440 1432 1426 1415 1402 1392 1385 1385 1397 1414 1426 1425 1420 1416 1412 1408 1402 1397 1396 1398 1422 1457 1494 1503 1503 1506 1532 1542 1554 1570 1582 1607 1629 1641 1651 1673 1691 1712 1723 1725 1727 1735 1752 1774 1788 1807 1830 1857 1883 1917 1973 2000 2032 2038 2046 2053 2050
945 940 950 958 988 1090 1184 1253 1253 1272 1295 1320 1327 1354 1376 1382 1391 1400 1409 1420 1427 1439 1449 1451 1456 1467 1470 1463 1452 1445 1438 1429 1417 1402 1395 1393 1396 1408 1425 1430 1430 1429 1426 1421 1411 1403 1399 1394 1391 1486 1510 1502 1492 1509 1531 1546 1554 1569 1573 1605 1629 1643 1654 1675 1689 1701 1720 1726 1728 1736 1755 1775 1786 1809 1838 1864 1881 1906 1937 1976 2009 2045 2053 2047 2069
943 942 944 959 973 1058 1156 1232 1264 1279 1303 1314 1327 1352 1371 1380 1394 1409 1417 1424 1434 1447 1452 1456 1467 1479 1481 1473 1464 1457 1450 1445 1435 1420 1406 1407 1407 1414 1433 1436 1436 1436 1435 1430 1423 1417 1421 1418 1409 1451 1496 1492 1498 1512 1528 1543 1552 1559 1582 1606 1626 1646 1666 1681 1691 1702 1713 1719 1728 1742 1761 1773 1791 1815 1841 1866 1882 1901 1927 1958 1995 2035 2066 2080 2102
940 939 947 965 970 1040 1130 1174 1237 1284 1303 1315 1330 1366 1380 1381 1394 1415 1428 1432 1440 1456 1468 1471 1482 1493 1495 1488 1480 1470 1461 1455 1443 1434 1427 1421 1415 1422 1441 1446 1445 1444 1440 1434 1429 1434 1441 1444 1452 1495 1490 1496 1504 1509 1521 1535 1544 1545 1590 1612 1633 1653 1673 1685 1702 1715 1723 1726 1738 1751 1764 1776 1799 1817 1845 1867 1888 1896 1915 1942 1981 2021 2068 2094 2107
938 939 952 969 985 1045 1134 1184 1231 1272 1299 1314 1327 1349 1384 1388 1398 1412 1431 1430 1450 1468 1479 1490 1501 1505 1503 1499 1494 1487 1478 1469 1456 1445 1437 1431 1422 1424 1440 1454 1454 1453 1450 1441 1445 1450 1454 1461 1510 1529 1525 1515 1515 1518 1526 1535 1539 1574 1593 1614 1632 1658 1680 1699 1714 1723 1733 1738 1748 1764 1773 1783 1801 1814 1844 1868 1891 1897 1909 1944 1985 2023 2067 2096 2122
943 945 962 982 999 1051 1134 1191 1233 1272 1302 1313 1321 1345 1360 1382 1405 1422 1426 1430 1457 1482 1488 1495 1508 1514 1516 1514 1508 1496 1489 1481 1468 1451 1443 1441 1439 1441 1456 1471 1476 1472 1463 1458 1459 1461 1469 1474 1499 1529 1529 1527 1526 1527 1529 1532 1539 1588 1611 1621 1640 1664 1686 1707 1723 1736 1744 1745 1754 1767 1777 1790 1802 1824 1849 1873 1886 1899 1913 1946 1980 2026 2069 2088 2116
953 958 966 986 1003 1058 1131 1198 1235 1278 1309 1317 1325 1355 1361 1392 1408 1424 1447 1467 1481 1487 1489 1499 1513 1526 1528 1524 1517 1507 1501 1497 1481 1463 1453 1454 1455 1457 1474 1505 1491 1483 1474 1467 1474 1481 1485 1489 1495 1512 1525 1531 1540 1543 1541 1544 1555 1604 1617 1628 1646 1672 1694 1711 1731 1744 1752 1755 1764 1776 1786 1805 1819 1836 1856 1875 1885 1901 1923 1950 1978 2012 2044 2074 2127
970 973 976 985 1014 1080 1143 1191 1238 1278 1321 1321 1336 1359 1377 1397 1419 1442 1462 1479 1488 1505 1505 1511 1522 1534 1537 1538 1533 1522 1514 1505 1492 1475 1463 1460 1458 1458 1482 1495 1493 1490 1488 1483 1487 1497 1502 1504 1515 1532 1533 1542 1550 1560 1580 1586 1579 1602 1620 1636 1653 1671 1691 1711 1727 1746 1760 1770 1782 1792 1809 1825 1834 1843 1857 1872 1891 1915 1941 1965 1978 1996 2030 2064 2116
991 980 985 990 1033 1101 1140 1192 1239 1264 1326 1332 1348 1372 1396 1413 1430 1445 1464 1481 1498 1513 1518 1522 1529 1538 1544 1543 1543 1538 1527 1517 1504 1489 1477 1471 1466 1466 1479 1497 1498 1502 1502 1500 1506 1508 1518 1529 1539 1546 1550 1555 1566 1577 1587 1589 1582 1607 1624 1637 1659 1681 1695 1710 1721 1741 1757 1776 1791 1808 1820 1839 1848 1852 1860 1878 1898 1927 1944 1963 1974 1979 2011 2061 2115
1007 988 994 999 1052 1115 1150 1207 1251 1269 1312 1346 1366 1396 1411 1421 1429 1454 1474 1475 1471 1488 1505 1522 1534 1543 1547 1553 1554 1550 1542 1530 1516 1504 1495 1485 1476 1477 1485 1500 1507 1509 1512 1518 1521 1523 1523 1540 1557 1564 1569 1583 1598 1604 1603 1595 1598 1605 1613 1660 1671 1692 1703 1706 1726 1746 1761 1784 1800 1814 1831 1846 1857 1862 1870 1882 1904 1923 1944 1955 1967 1976 2008 2049 2120
1018 1011 1006 1011 1049 1116 1175 1215 1250 1287 1326 1345 1386 1407 1419 1423 1430 1454 1469 1478 1475 1503 1519 1530 1544 1551 1557 1566 1568 1558 1551 1541 1528 1513 1504 1494 1483 1479 1487 1504 1516 1520 1531 1538 1538 1529 1533 1549 1565 1570 1577 1596 1616 1613 1611 1609 1614 1624 1641 1670 1701 1706 1711 1725 1736 1750 1766 1783 1807 1829 1837 1853 1863 1872 1883 1897 1910 1924 1940 1950 1963 1970 2003 2050 2130
1028 1021 1018 1032 1079 1122 1189 1218 1254 1303 1330 1351 1387 1415 1432 1432 1450 1460 1472 1474 1492 1517 1529 1546 1556 1562 1564 1569 1570 1567 1563 1557 1539 1520 1507 1498 1490 1492 1502 1521 1524 1532 1543 1545 1543 1542 1547 1556 1567 1574 1582 1600 1608 1614 1619 1624 1635 1659 1683 1699 1710 1715 1721 1733 1735 1739 1774 1787 1804 1829 1845 1857 1874 1887 1894 1902 1915 1930 1943 1958 1968 1983 2009 2075 2152
1030 1032 1037 1046 1081 1119 1185 1231 1264 1317 1336 1354 1394 1428 1436 1453 1462 1476 1484 1490 1506 1525 1542 1554 1559 1561 1566 1572 1576 1576 1573 1568 1553 1528 1516 1507 1501 1504 1528 1542 1544 1545 1547 1550 1554 1559 1559 1561 1569 1581 1588 1592 1601 1613 1624 1635 1653 1681 1702 1709 1713 1716 1734 1756 1761 1760 1768 1794 1806 1829 1846 1860 1874 1885 1895 1915 1925 1935 1948 1962 1975 1990 2020 2085 2146
1024 1033 1047 1065 1103 1162 1209 1246 1279 1327 1336 1356 1401 1436 1454 1459 1466 1479 1498 1510 1526 1534 1539 1551 1563 1571 1577 1584 1582 1581 1579 1576 1561 1543 1527 1516 1507 1511 1530 1543 1547 1552 1558 1566 1575 1575 1568 1559 1570 1582 1592 1600 1597 1617 1640 1659 1676 1694 1703 1701 1703 1711 1732 1757 1773 1780 1795 1816 1816 1829 1852 1868 1886 1903 1913 1923 1932 1944 1958 1970 1988 2012 2032 2084 2140
1021 1027 1064 1090 1120 1189 1229 1275 1310 1336 1355 1369 1405 1428 1448 1454 1464 1484 1500 1514 1528 1541 1547 1562 1579 1585 1591 1591 1591 1595 1589 1583 1572 1554 1533 1517 1508 1510 1536 1551 1559 1564 1565 1573 1583 1587 1573 1565 1571 1584 1595 1601 1616 1641 1658 1677 1691 1700 1705 1705 1701 1705 1723 1743 1762 1777 1797 1821 1833 1839 1857 1875 1897 1918 1924 1931 1940 1958 1970 1991 2003 2031 2056 2094 2121
1023 1026 1079 1110 1153 1211 1251 1303 1342 1354 1366 1377 1397 1425 1435 1440 1460 1480 1497 1507 1531 1544 1555 1571 1578 1585 1591 1594 1604 1602 1595 1589 1580 1560 1539 1525 1520 1529 1545 1560 1565 1565 1566 1574 1590 1590 1587 1582 1580 1587 1593 1600 1610 1633 1661 1680 1691 1699 1714 1720 1722 1726 1728 1737 1755 1775 1802 1827 1844 1846 1859 1880 1901 1916 1921 1928 1942 1963 1986 2005 2022 2056 2064 2093 2118
1021 1041 1082 1143 1199 1255 1296 1337 1358 1369 1380 1387 1404 1422 1428 1447 1456 1472 1488 1502 1520 1540 1558 1566 1570 1578 1593 1607 1616 1614 1603 1593 1581 1564 1546 1534 1528 1535 1554 1561 1567 1571 1575 1584 1587 1594 1596 1596 1597 1603 1617 1617 1617 1634 1653 1674 1690 1693 1699 1727 1734 1733 1735 1744 1772 1793 1808 1826 1837 1840 1844 1880 1896 1914 1921 1935 1952 1971 1993 2009 2032 2048 2080 2099 2119
1026 1036 1095 1170 1221 1281 1341 1355 1371 1375 1384 1400 1418 1431 1437 1468 1466 1475 1490 1506 1536 1555 1568 1573 1576 1588 1606 1621 1632 1626 1617 1600 1583 1572 1557 1543 1537 1549 1559 1568 1576 1587 1598 1604 1601 1597 1600 1609 1619 1631 1642 1641 1637 1647 1656 1670 1684 1691 1712 1729 1741 1751 1758 1773 1796 1808 1817 1827 1840 1854 1869 1882 1899 1918 1934 1947 1963 1980 1994 2005 2030 2054 2074 2096 2120
1028 1063 1099 1170 1238 1305 1341 1368 1382 1387 1397 1416 1435 1447 1453 1481 1477 1475 1491 1541 1562 1568 1579 1582 1585 1595 1619 1633 1637 1630 1619 1607 1593 1577 1562 1553 1552 1556 1565 1583 1594 1607 1616 1610 1603 1600 1603 1616 1622 1638 1654 1657 1660 1663 1669 1678 1684 1692 1705 1718 1734 1758 1774 1778 1793 1811 1827 1841 1858 1869 1879 1897 1918 1937 1944 1958 1974 1987 1998 2017 2029 2055 2072 2092 2114
1025 1058 1101 1183 1254 1335 1373 1380 1396 1402 1415 1435 1456 1467 1471 1492 1490 1519 1541 1557 1565 1576 1583 1583 1581 1598 1621 1637 1637 1629 1623 1613 1599 1582 1569 1564 1564 1570 1583 1593 1602 1617 1620 1620 1613 1602 1606 1614 1624 1642 1659 1667 1671 1672 1679 1687 1695 1703 1703 1718 1741 1769 1770 1775 1790 1810 1831 1850 1860 1865 1879 1910 1934 1951 1959 1963 1977 1986 1997 2023 2044 2059 2080 2094 2107
1040 1073 1124 1190 1269 1342 1378 1398 1409 1419 1438 1457 1476 1487 1490 1508 1510 1520 1542 1560 1566 1573 1583 1570 1584 1609 1628 1633 1635 1633 1625 1616 1601 1585 1572 1571 1577 1589 1599 1603 1605 1609 1619 1629 1628 1628 1623 1626 1650 1669 1679 1683 1689 1694 1696 1696 1706 1713 1715 1723 1756 1770 1775 1779 1791 1820 1837 1852 1870 1879 1901 1921 1944 1960 1968 1970 1978 1993 2011 2027 2042 2064 2084 2098 2110
1039 1075 1117 1189 1282 1337 1374 1405 1426 1439 1458 1474 1481 1488 1502 1525 1524 1534 1547 1565 1580 1590 1587 1586 1594 1628 1635 1639 1639 1635 1624 1614 1600 1581 1576 1581 1591 1604 1610 1615 1614 1612 1627 1634 1637 1638 1642 1652 1664 1675 1686 1699 1708 1714 1716 1716 1721 1730 1747 1755 1759 1764 1774 1770 1782 1807 1837 1868 1885 1894 1907 1935 1952 1965 1969 1975 1985 2003 2022 2037 2050 2064 2081 2093 2110
1043 1066 1118 1163 1293 1331 1376 1419 1428 1439 1463 1485 1495 1494 1515 1538 1546 1553 1557 1566 1593 1598 1597 1606 1623 1633 1644 1651 1646 1635 1624 1615 1602 1590 1583 1588 1604 1610 1618 1627 1634 1641 1647 1650 1648 1652 1661 1669 1673 1678 1685 1698 1714 1727 1730 1733 1745 1757 1764 1765 1762 1769 1768 1762 1756 1793 1852 1870 1886 1900 1910 1943 1960 1974 1979 1985 1993 2009 2026 2046 2064 2079 2090 2106 2125
1048 1062 1120 1170 1295 1338 1375 1419 1430 1438 1457 1489 1503 1523 1529 1558 1568 1576 1581 1586 1588 1592 1612 1624 1633 1639 1655 1651 1643 1634 1624 1614 1606 1598 1588 1597 1606 1613 1623 1634 1640 1646 1654 1653 1652 1657 1673 1687 1689 1687 1682 1704 1722 1740 1755 1757 1761 1768 1770 1775 1779 1782 1784 1788 1804 1810 1835 1863 1881 1902 1920 1949 1972 1983 1992 1993 2000 2014 2029 2050 2073 2087 2100 2116 2136
1049 1080 1123 1169 1302 1322 1369 1405 1425 1430 1438 1485 1520 1529 1549 1581 1586 1590 1593 1592 1584 1597 1613 1626 1630 1645 1656 1652 1644 1636 1626 1617 1614 1607 1603 1607 1618 1618 1625 1639 1643 1651 1656 1656 1656 1661 1683 1706 1710 1700 1707 1724 1736 1748 1764 1772 1772 1779 1782 1786 1790 1792 1804 1821 1843 1864 1851 1870 1887 1912 1928 1954 1979 1988 1993 2000 2002 2020 2036 2057 2083 2095 2106 2123 2140
1052 1066 1122 1157 1200 1310 1371 1402 1421 1432 1437 1464 1522 1542 1576 1601 1601 1605 1611 1605 1605 1612 1624 1625 1630 1639 1648 1651 1649 1642 1634 1626 1623 1621 1618 1621 1630 1635 1637 1640 1647 1659 1671 1671 1672 1679 1693 1707 1720 1734 1741 1745 1756 1764 1771 1773 1784 1795 1801 1804 1804 1811 1823 1835 1851 1867 1874 1866 1892 1910 1930 1952 1978 1988 1998 2006 2012 2028 2042 2067 2096 2105 2116 2129 2145
1057 1063 1114 1156 1215 1297 1365 1391 1421 1431 1429 1465 1500 1556 1604 1614 1624 1628 1629 1629 1627 1634 1632 1630 1633 1639 1648 1653 1652 1655 1653 1649 1644 1640 1636 1638 1645 1643 1642 1639 1647 1671 1685 1684 1679 1680 1693 1707 1721 1738 1748 1760 1769 1770 1775 1783 1797 1817 1815 1815 1819 1825 1839 1845 1855 1871 1878 1889 1890 1909 1931 1949 1974 1987 2001 2009 2022 2037 2052 2074 2100 2117 2132 2146 2157
1064 1103 1117 1157 1224 1295 1350 1369 1401 1423 1435 1447 1475 1548 1611 1631 1643 1647 1650 1651 1652 1649 1640 1632 1641 1653 1660 1659 1668 1673 1671 1663 1658 1655 1652 1653 1660 1663 1660 1654 1675 1691 1700 1692 1684 1684 1696 1712 1727 1741 1749 1753 1769 1781 1789 1796 1812 1824 1828 1832 1839 1848 1853 1856 1867 1875 1884 1893 1911 1918 1938 1949 1970 1980 1991 2000 2017 2039 2061 2081 2105 2127 2143 2158 2172
