SRTMGL1_28.169999999999998_85.03_28.3_85.21000000000001.asc
ncols        648
nrows        468
xllcorner    85.029861111146
yllcorner    28.170138888885
cellsize     0.000277777778
NODATA_value -32768
[rows 266 to 303 of 468, columns 84 to 167 of 648]
2884 2874 2857 2840 2823 2806 2784 2760 2738 2718 2705 2696 2688 2685 2679 2672 2665 2661 2660 2656 2646 2641 2635 2628 2614 2607 2602 2593 2591 2593 2591 2581 2562 2562 2561 2555 2537 2525 2515 2509 2498 2480 2470 2463 2459 2450 2443 2432 2417 2405 2353 2318 2289 2270 2240 2217 2195 2163 2136 2117 2090 2072 2045 2020 1987 1935 1930 1893 1861 1830 1882 1907 1937 1966 1998 2045 2039 2037 2042 2041 2035 2032 2042 2046
2869 2848 2834 2818 2802 2792 2770 2747 2726 2701 2693 2691 2680 2676 2676 2670 2664 2663 2661 2654 2649 2646 2634 2620 2616 2615 2608 2602 2599 2593 2587 2580 2569 2561 2560 2553 2540 2520 2511 2508 2497 2476 2463 2462 2459 2455 2446 2436 2417 2387 2364 2323 2290 2284 2248 2224 2203 2167 2140 2114 2081 2065 2028 1992 1950 1908 1892 1866 1848 1837 1878 1900 1948 1975 2008 2047 2046 2051 2058 2059 2049 2044 2050 2062
2850 2832 2812 2795 2782 2771 2749 2724 2703 2689 2687 2691 2679 2676 2676 2668 2664 2664 2659 2654 2652 2649 2629 2616 2617 2616 2612 2604 2600 2588 2584 2586 2577 2561 2553 2550 2542 2529 2515 2503 2492 2469 2459 2457 2455 2446 2440 2431 2407 2377 2356 2321 2295 2262 2242 2208 2182 2161 2140 2110 2072 2046 2000 1938 1890 1856 1843 1832 1831 1842 1877 1913 1954 1988 2024 2045 2054 2070 2074 2071 2065 2060 2065 2076
2836 2813 2788 2772 2758 2749 2726 2706 2694 2688 2687 2688 2685 2681 2678 2668 2663 2663 2658 2655 2652 2650 2636 2626 2619 2613 2606 2602 2589 2584 2583 2585 2570 2559 2548 2547 2548 2535 2519 2487 2472 2462 2453 2441 2433 2430 2425 2412 2387 2371 2350 2308 2291 2253 2214 2195 2169 2150 2124 2086 2045 1990 1940 1897 1862 1839 1812 1816 1827 1851 1897 1941 1984 2009 2035 2056 2082 2094 2094 2089 2085 2085 2085 2089
2813 2794 2772 2759 2748 2735 2729 2708 2704 2695 2687 2687 2686 2686 2682 2672 2668 2665 2660 2659 2654 2649 2642 2636 2627 2617 2611 2605 2595 2588 2590 2585 2573 2565 2550 2546 2543 2515 2477 2454 2441 2439 2431 2414 2405 2401 2391 2382 2356 2336 2312 2300 2282 2249 2198 2171 2147 2120 2088 2026 2006 1952 1913 1881 1853 1810 1803 1818 1840 1865 1905 1959 1994 2024 2050 2070 2107 2105 2115 2114 2108 2106 2102 2104
2799 2784 2768 2759 2748 2736 2729 2723 2718 2705 2695 2687 2685 2685 2682 2679 2677 2673 2668 2663 2660 2652 2647 2641 2636 2626 2623 2614 2603 2596 2593 2581 2574 2572 2561 2549 2519 2476 2437 2418 2408 2407 2390 2378 2367 2363 2362 2344 2315 2286 2281 2278 2260 2211 2179 2135 2105 2087 2043 1986 1952 1917 1907 1858 1816 1813 1821 1835 1856 1870 1921 1963 1994 2029 2058 2077 2117 2127 2135 2128 2124 2125 2127 2125
2788 2777 2772 2764 2748 2737 2732 2726 2721 2712 2701 2693 2682 2676 2678 2677 2679 2678 2674 2665 2661 2655 2652 2646 2643 2638 2634 2625 2610 2601 2576 2554 2556 2556 2546 2530 2473 2436 2414 2400 2383 2371 2363 2351 2341 2335 2323 2300 2287 2271 2256 2249 2230 2179 2136 2096 2070 2020 1995 1958 1924 1909 1848 1849 1812 1817 1830 1851 1863 1890 1926 1974 1988 2011 2048 2083 2112 2125 2141 2138 2143 2146 2152 2152
2783 2779 2779 2766 2752 2748 2737 2729 2722 2714 2702 2694 2687 2682 2682 2681 2683 2683 2681 2671 2665 2662 2660 2658 2655 2652 2648 2652 2619 2607 2562 2533 2526 2515 2492 2452 2433 2411 2393 2374 2357 2347 2339 2332 2318 2309 2297 2278 2262 2248 2231 2213 2179 2143 2105 2051 2019 2002 1964 1929 1906 1859 1837 1828 1827 1828 1837 1859 1877 1892 1928 1965 1984 2005 2036 2074 2109 2128 2145 2147 2162 2178 2183 2181
2786 2783 2782 2772 2763 2752 2740 2731 2724 2714 2706 2707 2705 2704 2698 2695 2695 2692 2693 2683 2675 2670 2670 2670 2669 2667 2659 2664 2600 2529 2532 2510 2499 2466 2444 2434 2410 2381 2362 2337 2325 2319 2311 2302 2292 2286 2278 2259 2239 2215 2201 2162 2131 2099 2059 2019 1998 1969 1933 1918 1892 1844 1832 1824 1827 1843 1860 1874 1882 1895 1920 1953 1978 1998 2024 2059 2092 2124 2152 2171 2189 2199 2201 2208
2791 2786 2782 2775 2769 2754 2750 2743 2729 2724 2721 2724 2723 2717 2712 2708 2707 2709 2705 2703 2695 2687 2681 2679 2675 2659 2633 2556 2497 2492 2492 2482 2468 2440 2431 2408 2382 2352 2328 2314 2301 2295 2285 2275 2262 2250 2245 2240 2215 2191 2170 2135 2098 2074 2020 2007 1980 1939 1923 1897 1879 1845 1833 1825 1822 1845 1866 1876 1893 1905 1929 1957 1979 1999 2024 2053 2083 2113 2152 2194 2213 2220 2223 2228
2802 2794 2784 2772 2764 2759 2762 2762 2752 2747 2754 2748 2749 2739 2740 2733 2728 2738 2741 2729 2718 2707 2698 2683 2670 2605 2523 2494 2476 2471 2471 2455 2431 2410 2406 2375 2349 2324 2306 2297 2286 2278 2264 2242 2229 2222 2214 2206 2186 2169 2141 2115 2084 2034 2008 1986 1956 1937 1920 1889 1864 1843 1824 1822 1821 1837 1860 1878 1895 1911 1937 1963 1976 1992 2023 2054 2078 2105 2157 2186 2232 2234 2234 2234
2815 2806 2795 2780 2779 2772 2776 2776 2771 2769 2759 2764 2764 2765 2766 2760 2760 2762 2765 2749 2736 2726 2690 2665 2630 2568 2520 2492 2467 2453 2437 2423 2404 2379 2353 2343 2320 2297 2284 2277 2266 2254 2231 2205 2203 2198 2185 2169 2160 2137 2110 2097 2052 2019 1996 1971 1949 1920 1893 1873 1849 1833 1825 1815 1821 1841 1866 1887 1900 1913 1935 1963 1974 1994 2026 2056 2076 2103 2135 2176 2245 2242 2239 2236
2826 2819 2821 2808 2800 2794 2798 2789 2786 2781 2778 2772 2776 2776 2777 2776 2766 2766 2763 2756 2748 2737 2644 2625 2590 2557 2516 2482 2453 2436 2411 2388 2381 2351 2324 2311 2297 2276 2260 2244 2229 2217 2197 2178 2170 2167 2154 2141 2126 2097 2078 2070 2017 1996 1972 1949 1934 1915 1886 1868 1850 1831 1813 1806 1813 1835 1860 1888 1906 1923 1938 1962 1984 2006 2035 2058 2076 2103 2131 2170 2244 2246 2250 2256
2844 2849 2841 2829 2816 2821 2817 2808 2798 2805 2797 2796 2794 2792 2788 2784 2769 2762 2754 2749 2729 2715 2624 2615 2583 2527 2503 2454 2435 2422 2391 2360 2354 2334 2309 2288 2273 2260 2234 2213 2196 2177 2168 2152 2136 2128 2124 2115 2103 2078 2052 2034 2009 1984 1963 1943 1919 1901 1873 1866 1840 1831 1815 1803 1802 1819 1856 1885 1908 1926 1944 1961 1976 2005 2026 2043 2075 2106 2119 2165 2185 2233 2275 2277
2864 2866 2848 2831 2824 2826 2825 2812 2797 2800 2798 2802 2798 2794 2779 2775 2764 2750 2727 2692 2665 2611 2585 2565 2563 2512 2479 2440 2416 2394 2364 2338 2327 2314 2290 2265 2242 2229 2208 2193 2163 2143 2133 2122 2109 2099 2089 2095 2078 2053 2033 2019 1997 1971 1956 1927 1905 1891 1876 1860 1844 1832 1805 1803 1796 1820 1841 1883 1908 1919 1944 1962 1967 1985 2017 2048 2055 2096 2138 2152 2159 2252 2292 2290
2881 2881 2856 2838 2820 2818 2818 2797 2782 2783 2783 2785 2775 2759 2746 2750 2741 2710 2678 2636 2594 2571 2535 2522 2507 2484 2451 2420 2388 2357 2337 2324 2303 2272 2261 2237 2215 2192 2179 2151 2127 2111 2096 2094 2082 2064 2054 2052 2041 2027 2019 2019 1984 1973 1957 1932 1901 1879 1862 1847 1829 1819 1808 1795 1793 1806 1821 1866 1895 1899 1929 1958 1973 1990 2018 2035 2044 2061 2117 2154 2149 2162 2256 2298
2895 2877 2863 2835 2807 2802 2790 2776 2768 2767 2763 2751 2732 2723 2716 2706 2697 2665 2628 2609 2585 2556 2519 2505 2489 2458 2425 2362 2335 2323 2308 2295 2268 2239 2222 2209 2192 2158 2137 2118 2095 2082 2066 2056 2050 2037 2030 2023 2014 2007 2002 2003 1969 1965 1964 1961 1916 1883 1860 1813 1809 1807 1794 1777 1782 1796 1815 1834 1876 1898 1927 1956 1979 1999 2018 2034 2045 2058 2099 2137 2160 2186 2221 2267
2883 2864 2852 2825 2805 2778 2757 2747 2749 2738 2723 2710 2698 2684 2672 2664 2656 2625 2596 2580 2560 2541 2514 2494 2460 2415 2363 2322 2312 2284 2263 2255 2234 2214 2196 2182 2159 2135 2114 2094 2072 2056 2030 2030 2025 2020 2013 2000 1989 1988 1989 1982 1965 1948 1942 1962 1917 1869 1823 1808 1800 1796 1770 1767 1777 1792 1820 1838 1864 1889 1913 1951 1984 2007 2025 2038 2046 2066 2093 2116 2160 2188 2200 2247
2849 2838 2821 2800 2772 2756 2738 2722 2710 2691 2665 2665 2650 2648 2639 2631 2624 2595 2576 2550 2527 2510 2489 2460 2405 2369 2302 2300 2276 2261 2241 2222 2208 2189 2168 2157 2144 2117 2090 2073 2058 2038 2019 2015 2012 2007 1997 1977 1966 1968 1966 1958 1946 1937 1933 1925 1913 1897 1835 1810 1796 1788 1775 1766 1775 1793 1819 1845 1870 1888 1916 1946 1987 2023 2029 2041 2056 2053 2058 2104 2151 2166 2195 2237
2818 2804 2785 2757 2735 2728 2708 2692 2666 2642 2630 2615 2615 2622 2617 2601 2578 2565 2542 2511 2493 2483 2446 2410 2388 2346 2300 2279 2265 2263 2243 2238 2188 2168 2149 2133 2115 2096 2069 2055 2040 2020 2010 2006 2000 1991 1977 1959 1948 1948 1950 1939 1930 1928 1921 1908 1892 1869 1824 1802 1786 1776 1764 1769 1772 1806 1837 1855 1873 1890 1914 1955 2014 2028 2034 2052 2059 2059 2067 2091 2104 2126 2157 2219
2798 2772 2761 2739 2707 2687 2663 2628 2622 2612 2603 2594 2598 2601 2583 2545 2542 2523 2509 2480 2467 2456 2403 2379 2374 2349 2305 2281 2279 2281 2278 2314 2245 2156 2132 2106 2095 2078 2057 2048 2021 2000 1995 1990 1984 1973 1962 1946 1942 1941 1937 1925 1919 1916 1905 1886 1872 1853 1818 1809 1784 1769 1757 1767 1790 1808 1843 1859 1871 1896 1924 1955 1987 2024 2040 2054 2064 2072 2089 2102 2111 2118 2130 2217
2770 2752 2736 2708 2680 2663 2624 2602 2590 2579 2564 2561 2573 2564 2548 2528 2522 2509 2485 2461 2444 2447 2385 2352 2365 2353 2312 2276 2256 2244 2231 2208 2179 2177 2114 2099 2081 2065 2039 2023 2005 1987 1983 1978 1967 1960 1953 1944 1939 1937 1928 1918 1902 1897 1887 1868 1854 1829 1814 1805 1788 1791 1760 1761 1785 1805 1837 1863 1879 1907 1933 1969 1990 2012 2028 2044 2064 2094 2110 2117 2116 2121 2129 2152
2730 2714 2701 2680 2652 2621 2589 2578 2564 2542 2526 2531 2535 2532 2520 2508 2501 2493 2460 2444 2422 2396 2360 2358 2359 2342 2321 2292 2258 2218 2213 2177 2151 2092 2090 2072 2060 2040 2015 2003 1990 1979 1976 1970 1959 1951 1946 1939 1934 1930 1924 1913 1895 1887 1873 1852 1840 1822 1810 1808 1794 1782 1760 1746 1762 1796 1824 1852 1878 1908 1939 1973 1978 1994 2029 2050 2061 2071 2090 2109 2116 2124 2129 2167
2697 2689 2687 2665 2629 2606 2568 2556 2536 2515 2505 2505 2506 2495 2484 2485 2474 2456 2429 2418 2395 2370 2355 2349 2343 2332 2326 2285 2237 2207 2178 2150 2118 2081 2058 2049 2034 2020 2002 1992 1982 1973 1970 1968 1957 1948 1941 1934 1926 1922 1917 1908 1896 1891 1877 1843 1833 1822 1810 1800 1789 1770 1754 1747 1742 1764 1786 1809 1846 1896 1946 1967 1966 1984 2021 2047 2049 2058 2070 2087 2113 2122 2139 2160
2676 2666 2668 2642 2623 2589 2560 2543 2545 2494 2480 2477 2469 2463 2460 2456 2444 2428 2405 2389 2369 2353 2338 2332 2325 2313 2311 2276 2221 2192 2160 2130 2102 2074 2044 2036 2020 2014 2003 1986 1975 1970 1966 1963 1956 1944 1935 1929 1922 1916 1908 1900 1889 1882 1880 1845 1837 1831 1815 1799 1784 1770 1754 1742 1736 1754 1800 1831 1837 1872 1933 1941 1957 1979 2003 2032 2043 2052 2063 2086 2104 2116 2129 2151
2638 2633 2623 2608 2595 2565 2537 2524 2497 2474 2464 2453 2448 2442 2435 2428 2421 2413 2403 2369 2352 2333 2321 2313 2304 2287 2269 2249 2211 2170 2142 2116 2083 2038 2035 2028 2017 2008 1995 1982 1974 1969 1961 1955 1945 1935 1930 1923 1914 1907 1898 1887 1876 1873 1863 1852 1847 1836 1820 1804 1784 1771 1760 1756 1757 1776 1767 1788 1826 1833 1858 1902 1940 1957 1969 2001 2032 2037 2056 2076 2094 2110 2121 2134
2611 2610 2605 2592 2582 2557 2525 2501 2478 2462 2449 2439 2423 2416 2406 2402 2395 2391 2375 2350 2329 2314 2297 2290 2279 2258 2245 2209 2187 2153 2123 2059 2054 2036 2028 2018 2007 1999 1990 1982 1976 1967 1954 1947 1938 1926 1925 1917 1904 1893 1884 1872 1865 1863 1857 1852 1847 1838 1827 1810 1791 1773 1761 1754 1739 1741 1755 1797 1821 1839 1862 1892 1915 1939 1960 1984 1994 2016 2038 2049 2069 2089 2102 2109
2588 2588 2583 2574 2553 2531 2507 2491 2472 2450 2429 2419 2399 2381 2383 2381 2364 2351 2343 2323 2309 2291 2273 2262 2249 2231 2223 2210 2181 2138 2095 2060 2054 2040 2018 2006 1997 1991 1985 1980 1973 1965 1953 1943 1934 1924 1917 1906 1893 1882 1869 1859 1852 1850 1845 1844 1840 1835 1824 1811 1795 1775 1759 1744 1731 1721 1743 1785 1818 1829 1872 1896 1912 1927 1940 1954 1966 1975 1994 2032 2060 2079 2084 2093
2564 2557 2551 2538 2515 2493 2484 2474 2455 2430 2410 2395 2377 2365 2360 2352 2332 2321 2312 2303 2291 2273 2254 2240 2222 2210 2206 2192 2145 2101 2077 2044 2040 2026 2009 1994 1991 1987 1980 1969 1963 1956 1949 1939 1927 1918 1908 1891 1882 1868 1857 1847 1840 1833 1829 1826 1826 1826 1818 1812 1800 1780 1764 1746 1714 1709 1736 1780 1798 1816 1847 1883 1899 1915 1928 1941 1950 1951 1982 2031 2053 2068 2075 2083
2530 2526 2523 2510 2486 2477 2471 2453 2428 2412 2390 2367 2357 2350 2332 2318 2301 2287 2284 2275 2262 2247 2236 2223 2206 2193 2191 2157 2109 2096 2078 2039 2023 2018 2005 1988 1986 1987 1973 1960 1954 1950 1944 1930 1921 1914 1900 1887 1875 1860 1846 1833 1827 1821 1815 1809 1810 1810 1808 1803 1793 1780 1760 1735 1707 1708 1723 1760 1786 1798 1836 1856 1876 1895 1921 1943 1944 1951 2008 2031 2042 2054 2065 2071
2494 2499 2498 2482 2465 2459 2451 2421 2399 2389 2367 2333 2333 2318 2300 2285 2264 2261 2258 2243 2231 2222 2219 2215 2194 2171 2151 2119 2096 2085 2066 2033 2018 2014 2004 1991 1985 1986 1974 1961 1955 1948 1940 1931 1918 1910 1898 1886 1868 1855 1842 1829 1819 1815 1807 1798 1798 1796 1793 1789 1782 1777 1765 1750 1727 1720 1729 1760 1784 1810 1829 1844 1867 1887 1899 1911 1931 1939 1962 1993 2042 2039 2050 2056
2476 2469 2461 2453 2443 2431 2410 2391 2377 2361 2338 2313 2298 2283 2266 2259 2244 2240 2228 2212 2201 2194 2192 2192 2171 2151 2129 2098 2076 2067 2051 2020 2010 2010 2006 1994 1989 1985 1973 1960 1953 1950 1945 1933 1922 1908 1897 1882 1861 1855 1847 1829 1819 1810 1796 1786 1784 1778 1774 1772 1768 1765 1764 1747 1738 1717 1733 1764 1793 1832 1843 1849 1859 1873 1892 1911 1942 1953 1955 2004 1971 1985 2039 2036
2458 2440 2431 2428 2415 2397 2382 2371 2352 2330 2314 2296 2277 2259 2245 2237 2229 2223 2203 2186 2179 2172 2166 2156 2136 2127 2112 2093 2062 2053 2035 2011 2006 2006 2003 1993 1985 1980 1974 1961 1952 1948 1941 1929 1920 1906 1896 1879 1859 1854 1845 1829 1811 1800 1782 1770 1765 1759 1756 1752 1743 1739 1728 1728 1726 1712 1711 1748 1785 1827 1842 1851 1868 1895 1911 1929 1951 1957 1975 1964 1947 2005 2013 2014
2449 2427 2420 2402 2380 2367 2357 2346 2324 2301 2288 2271 2254 2236 2224 2211 2207 2200 2174 2160 2159 2157 2144 2126 2117 2116 2097 2074 2060 2046 2032 2013 2007 2004 1997 1986 1977 1973 1973 1964 1946 1942 1937 1922 1909 1894 1887 1874 1852 1845 1836 1815 1795 1786 1768 1756 1751 1746 1740 1734 1722 1707 1695 1699 1703 1709 1721 1741 1780 1812 1837 1852 1872 1892 1909 1912 1927 1937 1947 1965 1974 1986 1995 2000
2423 2422 2401 2373 2347 2336 2329 2314 2290 2274 2262 2247 2230 2219 2205 2191 2182 2162 2154 2142 2144 2137 2122 2102 2101 2095 2084 2074 2056 2045 2038 2013 2011 2003 1989 1977 1967 1961 1961 1958 1937 1935 1927 1915 1899 1885 1876 1865 1848 1833 1814 1785 1781 1775 1757 1742 1736 1731 1718 1710 1702 1688 1690 1695 1707 1712 1726 1744 1770 1810 1820 1835 1848 1867 1881 1893 1908 1925 1933 1944 1956 1967 1974 1984
2391 2375 2366 2344 2320 2305 2300 2285 2258 2247 2235 2219 2207 2195 2184 2172 2158 2148 2141 2136 2128 2118 2103 2091 2084 2076 2069 2063 2050 2042 2037 2022 2016 2002 1989 1970 1957 1949 1948 1936 1923 1922 1915 1902 1887 1874 1869 1861 1827 1799 1786 1771 1768 1765 1744 1727 1722 1714 1700 1692 1692 1692 1699 1707 1713 1722 1733 1753 1773 1797 1814 1829 1834 1847 1861 1870 1886 1906 1914 1920 1940 1943 1947 1955
2357 2351 2340 2320 2301 2284 2278 2253 2233 2224 2210 2200 2186 2169 2165 2154 2140 2136 2128 2119 2111 2102 2090 2082 2075 2065 2061 2056 2045 2037 2028 2023 2016 2005 1987 1964 1948 1938 1934 1919 1915 1909 1902 1889 1872 1862 1851 1819 1788 1772 1767 1762 1758 1753 1739 1721 1712 1700 1692 1693 1696 1702 1712 1718 1723 1727 1737 1751 1768 1789 1811 1817 1816 1820 1840 1856 1865 1878 1903 1916 1925 1929 1932 1943
2351 2342 2321 2297 2282 2278 2262 2229 2219 2214 2200 2184 2168 2157 2150 2139 2131 2126 2113 2107 2100 2095 2084 2072 2066 2059 2055 2050 2041 2030 2021 2015 2007 1994 1978 1965 1947 1933 1918 1900 1913 1902 1893 1882 1857 1843 1816 1786 1763 1760 1756 1752 1745 1738 1726 1713 1697 1686 1685 1692 1704 1715 1726 1732 1736 1735 1738 1748 1760 1777 1791 1800 1804 1812 1829 1847 1856 1877 1892 1903 1909 1918 1925 1933
